Filename,y_true,y_pred,p0,p1,p2,p3,p4,p5,p6,p7,p8
20160928-140747-0.jpg,0,8,0.10009274,0.36090255,0.0012705741,0.0050479304,0.0014139776,0.031188797,0.042398021,0.04277239,0.414913
20160928-141437-0.jpg,0,8,0.030108606,0.016587848,0.0071664825,0.020107308,0.0050068721,0.048315525,0.034854252,0.015158471,0.82269466
20160928-142110-0.jpg,0,8,0.10626859,0.025015622,0.00094225782,0.002013704,0.00048050424,0.03547731,0.010613156,0.026701823,0.79248703
20161207-110730-0.jpg,0,8,0.092356555,0.060034301,0.012911003,0.063436009,0.030793803,0.032776795,0.020863725,0.10016079,0.586667
20161207-110753-0.jpg,0,8,0.028505867,0.057518847,0.06579832,0.084818415,0.1017912,0.044456545,0.087273426,0.024456592,0.50538075
20161207-110837-0.jpg,0,0,0.26418012,0.14715134,0.001958655,0.018435312,0.0038636238,0.14220472,0.019441772,0.16648984,0.23627464
20161207-111122-0.jpg,0,0,0.58362341,0.21409789,0.00031433193,0.00098240562,0.00044219056,0.028508844,0.025385398,0.092982024,0.053663559
20161207-111246-0.jpg,0,8,0.015594681,0.00072569423,0.0085788211,0.021314541,0.0082464991,0.0090798121,0.002456751,0.0057131848,0.92829001
20161207-111352-0.jpg,0,0,0.54353607,0.023896471,0.00028515991,0.0017449381,0.00034702089,0.034553841,0.0023097526,0.28663027,0.1066965
20161207-111440-0.jpg,0,8,0.18025522,0.1486131,0.0049283933,0.023863049,0.0064104786,0.01970488,0.031269569,0.10705523,0.47790003
20161207-111508-0.jpg,0,8,0.26126915,0.038094137,0.0017070071,0.0068151802,0.0025277033,0.14034337,0.0057370057,0.10071921,0.4427872
20161207-111539-0.jpg,0,1,0.28278098,0.36524704,3.5408379e-05,0.00032186919,4.6454392e-05,0.21412089,0.072358832,0.018674668,0.046413809
20161207-111718-0.jpg,0,0,0.59452027,0.028905666,0.00019482194,0.0013164761,0.00032329102,0.022084491,0.0014678237,0.30575657,0.045430653
20161207-112158-0.jpg,0,8,0.36456525,0.013280801,0.0033004158,0.014994006,0.013696284,0.015635399,0.0051410981,0.14277986,0.42660686
20161207-112245-0.jpg,0,0,0.38284573,0.04524586,0.0049443617,0.010505809,0.002914526,0.030800285,0.0075488058,0.19890974,0.31628481
20161207-112431-0.jpg,8,8,0.046264969,0.025165295,0.016450152,0.044462349,0.029467359,0.051042236,0.031619698,0.090057276,0.66547066
20161207-143344-0.jpg,7,8,0.027057642,0.017784027,0.00076602463,0.0031579086,0.0030925914,0.093451835,0.041466873,0.025482329,0.78774077
20161207-145017-0.jpg,0,8,0.12763783,0.037828751,0.01663279,0.13836101,0.12961854,0.04622921,0.010442853,0.11118162,0.38206741
20170126-095106-0.jpg,1,1,0.050344054,0.87955105,3.1232532e-05,0.0003229923,5.1804349e-05,0.0027416581,0.02231562,0.038277827,0.0063637975
20170126-095233-0.jpg,1,6,0.020937156,0.36297116,0.0013389974,0.0023038054,0.00052344508,0.031150553,0.39113671,0.015117187,0.17452095
20170126-095308-0.jpg,1,1,0.031683374,0.76644188,0.00010536133,0.00041300146,9.8287383e-05,0.0085086487,0.16054143,0.01923996,0.012968159
20170126-095322-0.jpg,1,1,0.14527136,0.45884967,0.0020066304,0.012581896,0.0044477475,0.007537778,0.06318675,0.1705773,0.13554087
20170126-095404-0.jpg,1,1,0.28020489,0.33316317,0.0014816135,0.0034213618,0.00093838281,0.013342418,0.021556446,0.28670684,0.059184883
20170126-095653-0.jpg,1,8,0.084185675,0.3152495,0.0040858118,0.029495958,0.0066151773,0.048313268,0.072764397,0.10396121,0.33532903
20170126-095755-0.jpg,1,8,0.071783222,0.33494717,0.00079529925,0.0053076101,0.0016336682,0.05083584,0.04583589,0.029567668,0.4592936
20170126-095912-0.jpg,1,1,0.02940838,0.5830211,0.0001945165,0.0036024167,0.0006967854,0.040151633,0.051156692,0.018542089,0.27322638
20170126-095925-0.jpg,1,1,0.13036221,0.34770873,0.0015838468,0.012455686,0.0026774332,0.12183545,0.038366582,0.07148362,0.27352649
20170126-095932-0.jpg,1,8,0.064441979,0.34655741,0.00044614094,0.0025423048,0.00076145882,0.038463186,0.080239132,0.040908992,0.42563945
20170126-100037-0.jpg,1,8,0.071367569,0.28484538,0.001772145,0.028440444,0.0056304443,0.018914275,0.032927945,0.072553031,0.48354876
20170126-100242-0.jpg,1,1,0.07169313,0.38596734,0.0035554736,0.031210233,0.017561352,0.040298905,0.014911837,0.057435732,0.37736607
20170126-100451-0.jpg,1,8,0.033137448,0.2313972,0.005342965,0.024606358,0.012853395,0.028096708,0.12969825,0.11329785,0.42156979
20170126-100459-0.jpg,1,8,0.031041823,0.29817829,0.004453388,0.026167838,0.0081462413,0.04271597,0.13125926,0.046770882,0.41126627
20170127-101000-0.jpg,1,8,0.025175421,0.072320834,0.0071526826,0.0086347135,0.0031074728,0.010848148,0.093105681,0.016817192,0.76283789
20170127-101008-0.jpg,1,1,0.047033504,0.77970833,0.00077671255,0.0056837723,0.0006501461,0.028696705,0.0490904,0.024770748,0.063589692
20170127-101404-0.jpg,1,1,0.089248009,0.34267363,0.00099967851,0.0033987106,0.00060393033,0.018004674,0.22671583,0.031698432,0.28665704
20170127-101415-0.jpg,1,1,0.10582132,0.61871314,0.0023396532,0.013141824,0.0026593409,0.020105647,0.040274706,0.090578668,0.1063657
20170127-101650-0.jpg,1,8,0.01100873,0.15174091,0.00052412512,0.0021859854,0.00061388442,0.080637701,0.093258925,0.0099329576,0.65009677
20170127-101830-0.jpg,1,1,0.086516581,0.48642099,0.001714078,0.036091048,0.0035620744,0.028550239,0.014850983,0.10188628,0.24040778
20170127-102005-0.jpg,1,8,0.055069365,0.22240867,0.013616174,0.025968565,0.014271083,0.039514966,0.070343927,0.069593787,0.48921347
20170127-102051-0.jpg,1,1,0.047866371,0.70498645,0.0022147002,0.0089265956,0.0020061401,0.016158814,0.1116926,0.051399641,0.05474874
20170127-102214-0.jpg,1,1,0.12464102,0.5997318,0.0030933509,0.003509305,0.0013792646,0.012999842,0.10924155,0.064684547,0.080719307
20170127-102237-0.jpg,1,1,0.16397086,0.47132498,0.0023796218,0.0067672497,0.0033793729,0.017683934,0.092408471,0.15028428,0.091801211
20170127-102604-0.jpg,1,1,0.17491768,0.43784434,0.00063639868,0.0047354926,0.00067220756,0.0095120845,0.019943375,0.2562665,0.095471993
20170127-102904-0.jpg,1,1,0.13887551,0.6215322,0.0015700877,0.021057345,0.0056401654,0.0068023265,0.020766579,0.13697085,0.046784978
20170127-102931-0.jpg,1,8,0.15238024,0.25011539,0.0077482904,0.012022682,0.011443736,0.032907348,0.095820479,0.11241014,0.32515165
20170127-103003-0.jpg,1,1,0.054148704,0.5405826,0.00015542762,0.0013549376,0.00034070821,0.17059729,0.07907071,0.017481746,0.136268
20170127-103011-0.jpg,1,1,0.087402672,0.4140656,0.0035979943,0.011838399,0.0035079713,0.016653942,0.12456062,0.10597105,0.23240171
20170127-103248-0.jpg,1,8,0.034436595,0.19730578,0.0013399824,0.0090853628,0.0020566334,0.021721339,0.075586811,0.027646009,0.63082147
20170128-101959-0.jpg,8,8,0.0061744666,0.0030677365,0.047656626,0.13424854,0.1383359,0.0014776101,0.004542808,0.0061437469,0.65835261
20170128-102043-0.jpg,8,8,0.027008235,0.0093286131,0.0048878435,0.030344609,0.020203765,0.003334576,0.010003905,0.010849736,0.88403869
20170128-102117-0.jpg,8,8,0.0047780313,0.003160282,0.021476611,0.033347305,0.045218565,0.00076238555,0.007488986,0.0044574621,0.87931037
20170128-102233-0.jpg,8,8,0.055106226,0.024066633,0.0075415149,0.077654205,0.047943551,0.0068247369,0.0031711138,0.048872184,0.72881979
20170128-102307-0.jpg,8,8,0.021109914,0.030703552,0.015004701,0.10581747,0.090728946,0.0062041637,0.010369785,0.028469415,0.6915921
20170128-102336-0.jpg,8,8,0.073901668,0.027698101,0.034532379,0.23400851,0.12090902,0.016257878,0.0068081636,0.063756242,0.42212805
20170128-102438-0.jpg,8,8,0.043196548,0.013212283,0.064033419,0.15947667,0.26026031,0.015915254,0.0053963345,0.037726,0.40078315
20170128-102535-0.jpg,8,8,0.050012566,0.088551722,0.019189676,0.059426609,0.036366038,0.058809094,0.020139338,0.052915629,0.61458927
20170128-102632-0.jpg,8,8,0.048515186,0.14641806,0.02171557,0.051045783,0.018221047,0.038549874,0.039214507,0.06537503,0.57094496
20170128-102804-0.jpg,8,8,0.062406201,0.013230974,0.0075404281,0.064540215,0.048795741,0.070876285,0.0033559424,0.019720102,0.70953417
20170128-102843-0.jpg,8,8,0.028715754,0.018520452,0.00098118407,0.02168568,0.0028036791,0.012597597,0.00069358351,0.012440088,0.90156198
20170128-103131-0.jpg,8,8,0.013918526,0.039057445,0.027331261,0.040228777,0.019974226,0.083185762,0.063216358,0.018994359,0.69409335
20170128-103209-0.jpg,8,8,0.033951499,0.011319698,0.027614791,0.15206738,0.26855496,0.023750015,0.014707573,0.028660038,0.43937406
20170128-103224-0.jpg,8,8,0.030946819,0.0065367594,0.00057150831,0.034972794,0.0062658731,0.013603583,0.0009832806,0.014927402,0.89119196
20170128-103357-0.jpg,8,8,0.041578453,0.28015515,0.0061866315,0.031779382,0.018360574,0.0098739713,0.088249892,0.072497025,0.45131892
20170128-103425-0.jpg,8,8,0.12141649,0.036452699,0.010957309,0.053266011,0.020596325,0.059032634,0.0051585254,0.080039538,0.61308044
20170128-103446-0.jpg,8,8,0.050282456,0.11489587,0.14752218,0.10914429,0.13748153,0.041490573,0.061681505,0.10069462,0.23680693
20170128-103606-0.jpg,8,8,0.088404454,0.14248979,0.036938719,0.10008747,0.094699457,0.026694918,0.052317537,0.10468013,0.35368747
20170128-103700-0.jpg,8,8,0.063913986,0.078059435,0.017899601,0.066291213,0.027830916,0.17795391,0.014314566,0.052110828,0.50162554
20170129-102138-0.jpg,8,8,0.20869143,0.19712915,0.00089432608,0.013787038,0.0023235322,0.088929787,0.034481607,0.10370808,0.35005504
20170129-102150-0.jpg,8,1,0.077415965,0.61291504,0.00070137047,0.0095014507,0.0014398842,0.017318584,0.05524677,0.065199293,0.1602616
20170129-102239-0.jpg,8,8,0.19479014,0.1914366,0.0091736251,0.060655918,0.013259814,0.045365341,0.017577842,0.22343796,0.24430272
20170129-102922-0.jpg,8,6,0.032825112,0.13355143,0.0031898797,0.013495178,0.0074566314,0.03988814,0.44570726,0.027572259,0.29631406
20170129-102930-0.jpg,8,5,0.11525787,0.064051785,0.00046884792,0.0027785965,0.0011548961,0.38968164,0.09737917,0.025462802,0.3037644
20170129-103106-0.jpg,8,5,0.061114203,0.013504026,0.0014678985,0.0099904751,0.0039605014,0.60869604,0.0056741275,0.02062986,0.2749629
20170129-103137-0.jpg,8,8,0.066545971,0.2042774,0.010486713,0.058514178,0.023260802,0.068552524,0.024481455,0.1109567,0.43292421
20170129-103231-0.jpg,8,8,0.11006114,0.12675714,0.0030505962,0.019937454,0.010358002,0.081744805,0.082511611,0.15137164,0.41420758
20170129-103353-0.jpg,8,8,0.070573509,0.074167103,0.005265038,0.025023425,0.011663669,0.114485,0.019910878,0.11506382,0.5638476
20170129-103735-0.jpg,8,8,0.012718222,0.043741539,0.00071779703,0.002310094,0.00046827478,0.0089044869,0.029901294,0.0075738276,0.89366442
20170129-103811-0.jpg,8,5,0.20670052,0.22369124,0.00041496597,0.0019130332,0.00055099506,0.25408578,0.14483288,0.058894321,0.10891627
20170129-103831-0.jpg,8,6,0.040944636,0.15243171,0.0032041031,0.0064443741,0.0066106124,0.028779631,0.43432954,0.028956726,0.29829872
20170129-104113-0.jpg,8,8,0.10568622,0.17500539,0.0023946108,0.073160246,0.012342784,0.023248078,0.0076341662,0.20584215,0.3946864
20170130-102233-0.jpg,1,1,0.24586055,0.30912352,0.0047885766,0.015720431,0.008196597,0.034378976,0.025430245,0.24364664,0.11285444
20170130-102315-0.jpg,1,0,0.41690409,0.10854758,0.00080152135,0.0059907646,0.0017956573,0.0092181442,0.0041871266,0.33632988,0.11622522
20170130-102324-0.jpg,1,8,0.078611024,0.11484666,0.06241234,0.049057391,0.15630783,0.018959045,0.13181841,0.10033526,0.28765208
20170130-102331-0.jpg,1,0,0.41551062,0.053796742,0.00049695786,0.0037712103,0.0010600032,0.012742708,0.0015758887,0.28596464,0.22508113
20170130-102350-0.jpg,1,1,0.17661816,0.36236939,0.0016605207,0.051084127,0.010249625,0.0090481993,0.013851042,0.17397977,0.20113917
20170130-102402-0.jpg,1,8,0.13398525,0.32196745,0.0038126553,0.04577516,0.016816491,0.006287646,0.014600343,0.12295239,0.33380255
20170130-102444-0.jpg,1,0,0.4412432,0.14052957,0.0024756242,0.0050262278,0.002160649,0.029980432,0.026455941,0.17981869,0.17230961
20170130-102448-0.jpg,1,8,0.17404707,0.15794091,0.04493767,0.064529151,0.068915874,0.067557357,0.02886638,0.17744976,0.21575576
20170130-102525-0.jpg,1,1,0.072247095,0.38107723,0.006646168,0.020250756,0.015863165,0.004282013,0.10620946,0.072198972,0.32122511
20170130-102647-0.jpg,1,1,0.12209378,0.3473407,0.014360253,0.033172462,0.029042106,0.046986971,0.049383972,0.19776408,0.15985563
20170130-102736-0.jpg,1,8,0.022136098,0.016800474,0.001192012,0.026363699,0.020691559,0.074455515,0.0036284006,0.019247523,0.81548476
20170130-102953-0.jpg,1,8,0.049402591,0.13516049,0.09631256,0.094461642,0.12922662,0.040661581,0.0898434,0.10928753,0.25564358
20170207-141501-0.jpg,7,7,0.19460155,0.15003182,0.0006631813,0.0031952842,0.00079450855,0.081576206,0.01429215,0.4811956,0.07364963
20170207-141520-0.jpg,7,8,0.18823957,0.077905282,0.0041780462,0.0068838052,0.0028780503,0.19540766,0.021114118,0.22216904,0.2812244
20170207-141804-0.jpg,7,0,0.41194507,0.0083829826,0.00055856339,0.012218281,0.0016487531,0.028501045,0.00062480144,0.1989589,0.33716163
20170207-141902-0.jpg,7,7,0.20305517,0.030009856,0.0015100967,0.017849915,0.0047203172,0.095163196,0.003229568,0.41343698,0.23102483
20170207-142023-0.jpg,7,7,0.18941261,0.046709672,0.0023789851,0.029907549,0.0060097449,0.023532365,0.0021182026,0.59289593,0.10703494
20170207-142123-0.jpg,7,0,0.40197173,0.03469586,0.001219842,0.0063259229,0.0017209202,0.024361793,0.0021764759,0.16265681,0.36487061
20170207-142740-0.jpg,7,7,0.23017566,0.0080878828,0.00032272519,0.0023276068,0.00071960059,0.027960459,0.0011570875,0.61839151,0.11085755
20170207-142827-0.jpg,7,7,0.28761232,0.023653895,0.00068355515,0.0046071215,0.0012592532,0.046403468,0.00074459199,0.48762986,0.14740601
20170207-142840-0.jpg,7,7,0.27865496,0.0066441381,0.00019211958,0.0021809435,0.00052107562,0.033623908,0.00030770473,0.59640658,0.081468575
20170207-153439-0.jpg,0,0,0.56503797,0.10161845,0.00048433122,0.0016562192,0.00075140136,0.016203756,0.019443652,0.26381877,0.030985393
20170207-153455-0.jpg,0,7,0.27635646,0.09702602,0.0006378867,0.0045749224,0.0017469262,0.034609437,0.011117166,0.45228955,0.12164158
20170207-154046-0.jpg,0,0,0.37882441,0.013808209,0.0026991917,0.015972517,0.0087739099,0.088644832,0.0066840239,0.32239804,0.16219491
20170207-154209-0.jpg,0,0,0.63655508,0.026261203,7.6821132e-05,0.0003381421,7.9688522e-05,0.026124477,0.015796345,0.11743365,0.17733461
20170207-155423-0.jpg,0,1,0.054801505,0.67314178,0.00012114608,0.0012000443,0.00010140657,0.014054589,0.10379539,0.097232565,0.055551596
20170210-130536-0.jpg,7,7,0.097758137,0.048624337,0.001229282,0.0028187737,0.00081198872,0.11321979,0.01986178,0.53461045,0.1810655
20170210-130854-0.jpg,7,7,0.1993794,0.038071994,0.0003044247,0.0022135712,0.00051846303,0.019330505,0.0016325969,0.70120394,0.037345137
20170210-131016-0.jpg,7,8,0.054414615,0.051948331,0.035249762,0.064294174,0.022059835,0.025642868,0.040108576,0.14309768,0.5631842
20170210-131113-0.jpg,7,7,0.093210019,0.024811488,0.00049768458,0.0033653306,0.00054059795,0.011907876,0.0078582047,0.74781132,0.1099975
20170210-131130-0.jpg,7,7,0.10465381,0.10964165,0.00085034088,0.0018408783,0.00086947402,0.0067853951,0.031235224,0.68137395,0.062749311
20170210-131312-0.jpg,7,7,0.17106305,0.016216787,0.00051509211,0.0033423665,0.00055255363,0.033092018,0.0014626323,0.44263753,0.33111805
20170210-131343-0.jpg,7,7,0.36532944,0.0075477678,0.00022865193,0.00090739812,0.00041987639,0.021090662,0.0029713861,0.49122223,0.11028254
20170210-131431-0.jpg,7,8,0.13070776,0.013473925,0.0058191535,0.007865441,0.0038821672,0.22124343,0.015446535,0.28121328,0.32034832
20170210-131528-0.jpg,7,7,0.11148711,0.05728364,0.00058175181,0.0015192005,0.00057757145,0.014298932,0.017752016,0.77200651,0.024493249
20170210-131552-0.jpg,7,7,0.1003773,0.043537486,0.00028747655,0.00077243993,0.00027259736,0.021569874,0.01502184,0.70126814,0.1168929
20170210-131638-0.jpg,7,7,0.14170291,0.041308079,0.00046506288,0.0011973369,0.00033065889,0.064452365,0.013208249,0.63856059,0.098774821
20170210-131711-0.jpg,0,0,0.57871544,0.052456461,0.00095905445,0.0030802439,0.00097745447,0.016610062,0.010492583,0.19255896,0.14414968
20170210-131908-0.jpg,7,7,0.12120032,0.073125184,0.0038800866,0.011254689,0.0049957614,0.10846794,0.021454999,0.49552488,0.16009605
20170210-132033-0.jpg,0,8,0.015030758,0.0047509889,0.052877475,0.0053645927,0.0024414808,0.012206711,0.054337978,0.0093212109,0.84366876
20170210-132249-0.jpg,0,8,0.085693024,0.011539573,0.018874953,0.014640716,0.0040485696,0.092575595,0.036610067,0.078089297,0.65792817
20170210-132455-0.jpg,0,7,0.31269684,0.011447852,0.00041515633,0.011284838,0.0017884062,0.06075399,0.0021779579,0.32832161,0.27111325
20170210-132545-0.jpg,0,8,0.18197039,0.037608478,0.0012923834,0.0040934957,0.0012685788,0.033198766,0.10776522,0.082334951,0.55046779
20170210-132736-0.jpg,0,7,0.29215777,0.08239156,0.00042126758,0.0074680652,0.0016709311,0.011512299,0.0042741299,0.4918696,0.10823443
20170210-133205-0.jpg,0,1,0.10418326,0.33962774,0.00080450886,0.0055517382,0.0010538286,0.017207343,0.13065675,0.14489178,0.25602299
20170210-133707-0.jpg,0,7,0.24634339,0.15811835,0.00031920269,0.0068391762,0.0009328805,0.020961983,0.0090822959,0.46173427,0.095668495
20170210-133731-0.jpg,0,1,0.25556728,0.46531126,0.00031001659,0.0011546647,0.00032100547,0.0084247896,0.11360195,0.13079679,0.024512282
20170210-133739-0.jpg,0,8,0.19792451,0.09446571,0.00089870545,0.0058273445,0.0020263535,0.054553833,0.018952431,0.11953752,0.5058136
20170210-133923-0.jpg,0,8,0.16030677,0.056459446,0.0035950125,0.0051691686,0.0021127285,0.061579742,0.096471086,0.12875974,0.48554638
20170210-141430-0.jpg,7,8,0.074596129,0.36241096,0.003997142,0.025348794,0.0067001991,0.017245859,0.037512492,0.091167502,0.38102096
20170210-141621-0.jpg,7,0,0.33043006,0.026225187,0.0021465055,0.0081384806,0.0031422237,0.064352944,0.0034921826,0.32068789,0.24138455
20170210-141858-0.jpg,7,7,0.39547598,0.006862618,0.00026780987,0.0027206952,0.00056801201,0.076174319,0.0019931942,0.41941804,0.096519366
20170210-142258-0.jpg,7,0,0.50277144,0.0096745379,0.00032847031,0.0050782929,0.0010620345,0.045543052,0.0010088572,0.15139873,0.28313461
20170210-142318-0.jpg,7,8,0.25258535,0.0032260148,0.00014996332,0.0013073778,0.00016695462,0.038233437,0.00057562796,0.084856123,0.61889917
20170210-142409-0.jpg,7,7,0.32301569,0.012123872,0.00019355759,0.00066318613,0.00030572133,0.010528051,0.00070309069,0.6066677,0.045799144
20170210-142444-0.jpg,7,7,0.36484239,0.0087321978,0.0002008162,0.00097015389,0.00032460343,0.01047094,0.0010633272,0.58202302,0.031372577
20170210-142523-0.jpg,7,7,0.27113152,0.028707709,0.0026303318,0.0076140678,0.0053990232,0.075467944,0.0063224123,0.51926684,0.083460145
20170210-142607-0.jpg,7,7,0.18951972,0.036086049,0.0016933552,0.0042283866,0.0028329075,0.011130471,0.0050912616,0.6880815,0.061336346
20170210-142627-0.jpg,7,7,0.1395444,0.04809954,0.0066263266,0.0051796003,0.0016853526,0.083356827,0.027842447,0.47475353,0.21291193
20170210-142721-0.jpg,7,7,0.25695884,0.013684317,0.00015940789,0.0040570819,0.00056662387,0.024313526,0.00072009134,0.59061533,0.10892469
20170210-145509-0.jpg,0,0,0.65272522,0.054663662,0.00016894175,0.00051822147,0.00012986612,0.046440121,0.016153507,0.070852816,0.15834768
20170210-145705-0.jpg,0,0,0.41799176,0.12716974,0.00076154695,0.012968219,0.0024951333,0.064060882,0.014060698,0.12592398,0.23456809
20170210-145719-0.jpg,0,0,0.66337937,0.10203448,0.00059574912,0.0015071498,0.00052641553,0.024684403,0.024966601,0.11167421,0.070631586
20170210-145824-0.jpg,0,8,0.29338095,0.087542981,0.0020592466,0.00756945,0.0010640201,0.03186949,0.028834667,0.10698788,0.44069132
20170210-150120-0.jpg,0,0,0.58024585,0.30628052,0.00011023191,0.00030188789,9.8595046e-05,0.022425488,0.01545408,0.063423328,0.011660021
20170210-150605-0.jpg,0,0,0.60295945,0.0090359505,0.001651841,0.0020199788,0.0014978145,0.040597469,0.0053540166,0.20212243,0.13476104
20170210-150618-0.jpg,0,0,0.6511597,0.0061361855,0.0002744341,0.0018654808,0.00055512838,0.025808964,0.0011935093,0.21863852,0.094368003
20170217-095208-0.jpg,7,7,0.12737146,0.11406486,0.0038744789,0.0065597841,0.0031451215,0.02072859,0.095066316,0.38987568,0.23931368
20170217-095216-0.jpg,7,8,0.12771393,0.065075658,0.0096479412,0.023374308,0.007147396,0.037034672,0.025110798,0.14104258,0.56385273
20170217-095330-0.jpg,7,8,0.12320321,0.066355795,0.057925988,0.037725199,0.011686146,0.11194123,0.057440512,0.22570595,0.308016
20170217-095357-0.jpg,7,7,0.12640077,0.14277253,0.0011550522,0.0015030473,0.00060620508,0.032509502,0.1432355,0.42889786,0.12291954
20170217-095626-0.jpg,7,7,0.10868592,0.14568324,0.00057179027,0.0017056818,0.00073770806,0.011578311,0.027137775,0.68670052,0.017199108
20170217-095739-0.jpg,7,8,0.18800111,0.005325641,0.00024826202,0.00078194431,0.00037910318,0.023538413,0.0017270606,0.2735751,0.50642341
20170217-095850-0.jpg,7,7,0.22547063,0.027540723,0.0037399787,0.015021898,0.0091072842,0.092282183,0.007181725,0.38909084,0.23056474
20170217-100939-0.jpg,7,8,0.2508347,0.01044945,0.0022115672,0.013875198,0.0048513263,0.023157671,0.0010134837,0.17912017,0.51448637
20170217-101020-0.jpg,7,8,0.12735762,0.051956587,0.005033588,0.064681239,0.028242093,0.058750715,0.0026760683,0.29372683,0.3675752
20170217-102010-0.jpg,0,0,0.47650063,0.011166333,0.0011446773,0.0013515779,0.00070724986,0.066857144,0.019982541,0.094524302,0.32776549
20170217-102437-0.jpg,0,0,0.49170032,0.027563604,0.00023067926,0.00060668518,0.00030010709,0.011726042,0.012713667,0.42257702,0.032581836
20170217-102857-0.jpg,0,8,0.25556612,0.0098867007,0.00020757788,0.015209282,0.0015927544,0.010029423,0.00052388926,0.17730214,0.52968216
20170217-102914-0.jpg,0,0,0.5526675,0.039468851,0.0005316824,0.0023104283,0.00075051596,0.080232292,0.012094975,0.23662685,0.075316884
20170217-102923-0.jpg,0,0,0.47277087,0.0092167165,0.00011674417,0.0010966358,0.00028671772,0.050058298,0.0027114453,0.12718369,0.33655888
20170217-103649-0.jpg,0,8,0.040361661,0.034066003,0.0056601423,0.10767917,0.044644363,0.0033493396,0.0083033163,0.087148778,0.66878724
20170217-103810-0.jpg,0,7,0.36494431,0.0059465645,0.00031076471,0.00086309219,0.00063340768,0.026439531,0.0046140426,0.42172348,0.17452475
20170217-103940-0.jpg,0,8,0.27208939,0.038031831,0.00045701829,0.0014770561,0.00075006951,0.091816299,0.079257622,0.1211369,0.3949838
20170217-104234-0.jpg,0,0,0.39456722,0.0065302048,0.00085510558,0.0024182333,0.00063858868,0.1551609,0.0050485455,0.1046741,0.33010709
20170217-111024-0.jpg,0,0,0.49761203,0.020612339,0.00075168884,0.0033748904,0.00093562208,0.16234125,0.0065060784,0.1484676,0.1593985
20170217-112348-0.jpg,0,0,0.6304701,0.015459686,0.00033034896,0.00068722322,0.00029302906,0.088834628,0.0059448727,0.16201544,0.095964648
20170217-113008-0.jpg,0,0,0.48590913,0.018582774,0.00053047884,0.001243591,0.00077493541,0.056351341,0.0066889361,0.36760083,0.062318064
20170217-113200-0.jpg,7,8,0.13719812,0.027858919,0.00030040304,0.0019601176,0.0004892057,0.090364866,0.04510485,0.25369826,0.44302526
20170217-113245-0.jpg,0,0,0.53884012,0.067077175,0.00037767997,0.0014883408,0.00031233099,0.065327682,0.021543493,0.14761715,0.157416
20170217-113546-0.jpg,0,0,0.4069778,0.0051892316,0.00016064063,0.00067380187,0.00025870054,0.037141342,0.0010515322,0.36427754,0.18426946
20170217-113636-0.jpg,0,8,0.27233008,0.076081283,0.0002958141,0.0010184944,0.00026102952,0.14480811,0.024538742,0.12371103,0.35695541
20170217-113716-0.jpg,7,7,0.41717714,0.012435669,0.00032286718,0.0011757932,0.0005773796,0.022978012,0.0015415822,0.48737505,0.056416512
20170217-114451-0.jpg,7,8,0.014019579,0.0012537453,1.9060479e-05,0.00087938772,5.1838691e-05,0.024083367,0.00019600842,0.0064811246,0.95301592
20170217-114455-0.jpg,0,7,0.18886314,0.016941775,0.00045729167,0.0019737543,0.00045594497,0.060527675,0.022391353,0.45909598,0.24929315
20170217-114509-0.jpg,7,7,0.098099075,0.030237766,0.0002954347,0.0090502352,0.0012024028,0.2079298,0.0062576644,0.39822632,0.2487013
20170217-114526-0.jpg,7,7,0.21214667,0.014428863,0.0003655953,0.0027985182,0.00058344402,0.10748982,0.0050802776,0.38025072,0.27685603
20170217-114724-0.jpg,7,8,0.12374709,0.022266589,0.00036222039,0.00066531642,0.0001695473,0.25697538,0.13826883,0.079502136,0.37804291
20170217-115125-0.jpg,7,7,0.25854927,0.030751972,0.00080663455,0.0011041776,0.00049422152,0.12049402,0.051222023,0.34981835,0.18675934
20170217-115315-0.jpg,0,0,0.3952885,0.072142422,0.00051894097,0.0010718246,0.00014269448,0.0033085123,0.010562893,0.37465158,0.14231271
20170217-115332-0.jpg,0,0,0.57385153,0.041140549,7.6911179e-05,0.00047751915,5.6981924e-05,0.016342826,0.00081373769,0.29470342,0.072536528
20170217-120123-0.jpg,0,0,0.49563551,0.1145477,0.00033372559,0.0031775045,0.00063666195,0.016721748,0.0094529483,0.29400271,0.065491632
20170217-120307-0.jpg,0,1,0.18115665,0.49342546,0.0012881159,0.0056920559,0.0014563234,0.021673813,0.058502045,0.11595917,0.12084635
20170217-120325-0.jpg,7,8,0.030987959,0.064128168,0.0043947487,0.013696189,0.0031610539,0.027909651,0.11035085,0.057986155,0.6873852
20170217-120401-0.jpg,7,8,0.10721274,0.011294748,0.00069823628,0.0065714922,0.0020149278,0.080723442,0.0071528102,0.062727138,0.72160441
20170217-120434-0.jpg,7,8,0.22010244,0.033586882,0.00015345072,0.0029782394,0.00050036848,0.09048108,0.022603085,0.26363063,0.36596382
20170217-120606-0.jpg,7,7,0.16500863,0.016622761,0.0004618321,0.0022593192,0.00065100013,0.033599474,0.0050065969,0.67369395,0.10269649
20170217-121035-0.jpg,0,7,0.34454852,0.058081921,0.0005170533,0.0053152693,0.00090257509,0.050552789,0.0065979832,0.43347827,0.10000566
20170217-121807-0.jpg,0,0,0.3614175,0.1301208,0.0024361978,0.0066562267,0.0025187214,0.014656994,0.072453707,0.28971824,0.1200216
20170217-122257-0.jpg,0,0,0.60652304,0.053313043,0.00026053275,0.0011073523,0.00031476759,0.036386833,0.0069977944,0.12258007,0.17251655
20170217-143546-0.jpg,7,7,0.32772416,0.020828612,0.0018762338,0.01041852,0.0046589854,0.020456828,0.0011147683,0.40350127,0.20942062
20170217-143757-0.jpg,7,0,0.45823118,0.014911981,0.001094353,0.0033299373,0.0013698635,0.035764121,0.0040197754,0.26611608,0.21516268
20170217-143939-0.jpg,7,7,0.28941801,0.024838271,0.0011978291,0.0053271642,0.002293749,0.047395471,0.0090891551,0.47071055,0.14972982
20170217-144043-0.jpg,7,7,0.16245471,0.1038506,0.014685605,0.012980035,0.0087795081,0.02239356,0.035333347,0.50238574,0.13713686
20170217-144154-0.jpg,7,7,0.15731987,0.032242365,0.0013471603,0.0091428151,0.0017630323,0.061520021,0.0051222048,0.47989431,0.25164819
20170217-144329-0.jpg,7,7,0.13496837,0.021450749,0.00047679094,0.0022819387,0.00049016089,0.031523444,0.012852175,0.40746969,0.38848668
20170217-144455-0.jpg,7,8,0.084977955,0.057808537,0.0034103703,0.034198254,0.0094541358,0.02056288,0.0072257607,0.16296585,0.61939627
20170217-144656-0.jpg,7,7,0.17162266,0.033219825,0.00037958226,0.0015656013,0.00066852907,0.0099685993,0.0067857746,0.74685401,0.028935462
20170217-144722-0.jpg,7,8,0.092627026,0.13699619,0.00083908992,0.0052954056,0.0012174597,0.057198625,0.048767973,0.23940225,0.41765594
20170217-144838-0.jpg,7,8,0.086423263,0.034803417,0.02200295,0.060621813,0.045666594,0.027786599,0.016477507,0.1679261,0.53829175
20170217-145008-0.jpg,7,7,0.20899025,0.017693166,0.00033371086,0.0023501068,0.00052678079,0.022538295,0.0023063191,0.66186613,0.083395146
20170217-145329-0.jpg,7,5,0.079774566,0.020355957,0.00042808946,0.001638624,0.00056629977,0.31747052,0.017631734,0.30742434,0.2547099
20170217-145531-0.jpg,0,8,0.13884728,0.0092965765,0.0011649727,0.0045079486,0.0022326745,0.096513264,0.013699192,0.0740344,0.65970367
20170217-145646-0.jpg,0,0,0.4404721,0.055313081,0.00029990912,0.0014934703,0.00061470724,0.04468729,0.010825193,0.34705755,0.099236675
20170217-150100-0.jpg,0,0,0.60091674,0.018681433,0.00089083763,0.0013482391,0.0008125407,0.035492145,0.0090317344,0.059845258,0.27298108
20170217-150219-0.jpg,0,0,0.58121043,0.0085710026,0.00015579174,0.00043479714,0.00021581315,0.045134064,0.0074246298,0.13034712,0.22650629
20170217-150454-0.jpg,0,8,0.16841143,0.054668508,0.00043536819,0.002051305,0.00048455395,0.041379411,0.020583406,0.16215697,0.54982907
20170217-152211-0.jpg,0,0,0.47421938,0.011717335,0.00028827845,0.0011949687,0.00039462635,0.020320702,0.0071538845,0.33507684,0.14963396
20170217-152541-0.jpg,0,8,0.076231614,0.011201167,0.0011732785,0.01340146,0.0033621166,0.041268796,0.0053325351,0.090771727,0.75725734
20170304-124121-0.jpg,0,8,0.25002041,0.023033448,0.0028499526,0.055095848,0.014917996,0.025183687,0.001196783,0.27249023,0.35521162
20170304-124139-0.jpg,0,8,0.10437495,0.031783078,0.0033337662,0.022603439,0.0045233662,0.047378898,0.0067524123,0.082857944,0.69639212
20170304-124630-0.jpg,0,8,0.087543704,0.087029241,0.00092186366,0.0017720431,0.0016532071,0.011149299,0.1261293,0.027729658,0.65607166
20170304-124720-0.jpg,0,8,0.064509451,0.021699624,0.048612181,0.093341455,0.10621195,0.024206765,0.057853743,0.090602919,0.49296188
20170304-124728-0.jpg,0,8,0.20650025,0.01155118,0.0030124804,0.027933016,0.010101235,0.053662121,0.0014442714,0.0804746,0.60532081
20170304-124944-0.jpg,0,0,0.36908937,0.037840135,0.0063914028,0.031990368,0.015950341,0.11166145,0.0059584649,0.17908926,0.24202912
20170304-125032-0.jpg,0,8,0.36706781,0.0035855118,0.00041367652,0.0027606473,0.00077679247,0.031613711,0.0015300007,0.10710463,0.4851473
20170304-125101-0.jpg,0,8,0.18287551,0.0055791102,0.0031667084,0.033833664,0.01947804,0.018881718,0.00088460924,0.09924113,0.63605946
20170304-125110-0.jpg,0,7,0.30618387,0.01310636,0.00021587506,0.005109414,0.00093685056,0.020948986,0.0018687651,0.37538159,0.27624828
20170304-125226-0.jpg,0,0,0.43627626,0.038194522,0.00037740558,0.0008972084,0.00043146921,0.043810926,0.014204295,0.31577939,0.15002848
20170304-125249-0.jpg,0,0,0.56153023,0.023571178,0.00041959496,0.0019144004,0.00084234588,0.09895052,0.0064446344,0.14898594,0.15734114
20170304-125325-0.jpg,0,0,0.4769707,0.0059772376,0.00058554061,0.0028415455,0.00074601162,0.05065703,0.00072132843,0.16395883,0.2975418
20170304-125343-0.jpg,0,0,0.5331775,0.011451012,7.5540091e-05,0.0008218828,0.00022023889,0.012244138,0.0027680278,0.10325809,0.3359836
20170304-125436-0.jpg,0,0,0.32245421,0.044032998,0.00022649662,0.0007889212,0.00030898143,0.029962448,0.031229911,0.28367653,0.28731948
20170304-130214-0.jpg,7,7,0.2180402,0.011683969,0.00019613098,0.0020803413,0.00050457654,0.040437825,0.0041763596,0.54250664,0.18037398
20170304-130844-0.jpg,7,7,0.14421451,0.10897487,0.00275893,0.11593841,0.015394467,0.029014084,0.0039440175,0.30915633,0.2706044
20170304-130929-0.jpg,7,7,0.16718292,0.090169221,0.0114449,0.016815912,0.014570522,0.032564018,0.067952685,0.35847354,0.24082623
20170304-131410-0.jpg,7,7,0.27042919,0.049920261,0.0013940815,0.0045054574,0.0040927096,0.019772355,0.0028571091,0.57656193,0.07046698
20170304-131712-0.jpg,7,7,0.34764946,0.011968947,5.8770896e-05,0.00087178283,0.00015403342,0.0067311958,0.0010563664,0.57516992,0.056339432
20170304-131755-0.jpg,7,7,0.45103908,0.010873936,0.00016928579,0.00073490047,0.00033518748,0.0042587188,0.0013028834,0.50273836,0.028547671
20170304-131822-0.jpg,7,0,0.45320535,0.0095477253,0.00026106043,0.0064393589,0.0020832985,0.034610249,0.00044106625,0.41130447,0.08210741
20170304-131904-0.jpg,7,0,0.49914157,0.021734549,0.00056086492,0.0026484393,0.0021126196,0.013458526,0.0075047156,0.38658875,0.066249967
20170304-132038-0.jpg,7,7,0.076068997,0.096673518,0.00051841832,0.0067482595,0.0019043019,0.014749442,0.013339911,0.61403251,0.17596471
20170304-132151-0.jpg,7,7,0.38470364,0.013583527,0.00035568737,0.0040919753,0.00073046435,0.023312848,0.0012277095,0.4459416,0.12605253
20170304-132230-0.jpg,7,7,0.079000555,0.15224157,0.0028342286,0.010005059,0.0052961572,0.021640066,0.055380479,0.47482371,0.19877829
20170304-132357-0.jpg,7,8,0.20584261,0.011444835,0.0019109312,0.0065237763,0.0023130495,0.16125351,0.0019213289,0.1118539,0.49693602
20170304-132439-0.jpg,7,7,0.12788704,0.054731734,0.00022383069,0.009660135,0.0010709756,0.022500791,0.0014968553,0.45565823,0.32677045
20170304-132619-0.jpg,7,7,0.37113503,0.028005332,0.000168564,0.0068769581,0.0013324613,0.014073149,0.00071623636,0.41969585,0.15799648
20170304-132652-0.jpg,7,7,0.16849831,0.045795735,0.0077952766,0.16521946,0.044369154,0.04479561,0.0038409159,0.31210545,0.2075801
20170315-085127-0.jpg,8,8,0.12741113,0.047849867,0.0041001998,0.034973692,0.014590651,0.10019065,0.011633079,0.22450094,0.43474975
20170315-085317-0.jpg,8,8,0.045371227,0.08797159,0.027458422,0.037714634,0.024247292,0.025614129,0.068801537,0.10156334,0.58125782
20170315-085401-0.jpg,8,8,0.059125271,0.083120048,0.0097016338,0.028015258,0.027235413,0.04881411,0.089338936,0.055822611,0.59882671
20170315-085835-0.jpg,8,8,0.23979543,0.038512796,0.0024786529,0.031796295,0.023476228,0.047979467,0.0096712904,0.26053116,0.34575871
20170315-085848-0.jpg,8,8,0.27652767,0.087071948,0.0038898392,0.0072719087,0.0038629731,0.045841467,0.025758522,0.15896393,0.39081171
20170315-085923-0.jpg,8,8,0.090552829,0.021749767,0.0070665521,0.098644599,0.044212192,0.049678285,0.013482211,0.12359586,0.5510177
20170315-090155-0.jpg,8,0,0.35783491,0.0094291819,0.0011916045,0.0077592717,0.004593289,0.15144973,0.0073600011,0.17144725,0.28893474
20170315-090434-0.jpg,8,8,0.092014372,0.014243536,0.0043569929,0.025559258,0.015828317,0.046280082,0.027549677,0.14149219,0.63267553
20170315-090543-0.jpg,8,0,0.46305475,0.0084633911,0.00064876099,0.0082966955,0.0045342571,0.023017142,0.0009356286,0.17373472,0.31731471
20170315-090552-0.jpg,8,0,0.44332874,0.030067969,0.00049921882,0.0032622458,0.002619304,0.053462915,0.0045603556,0.2024948,0.2597045
20170315-090713-0.jpg,8,8,0.042343285,0.0041404911,0.0024214461,0.013451374,0.0091156848,0.017206572,0.010095702,0.022798859,0.87842655
20170404-153649-0.jpg,7,8,0.21439591,0.027299739,0.0023498307,0.0057687699,0.0012539752,0.061779007,0.0057911798,0.18084589,0.5005157
20170404-153716-0.jpg,7,7,0.28257701,0.01138671,0.00025697687,0.0042324811,0.00047860568,0.081527807,0.00094898866,0.32919842,0.28939298
20170404-153744-0.jpg,7,7,0.29985124,0.014133881,0.00026996678,0.0024327848,0.00075483427,0.027467167,0.0017847645,0.59421027,0.059094969
20170404-153837-0.jpg,7,7,0.12181704,0.029533729,0.00097363506,0.0015555104,0.00041829498,0.063351333,0.034421124,0.57248163,0.17544761
20170404-153902-0.jpg,7,7,0.089362755,0.024213763,0.00054218533,0.0025420317,0.00095854112,0.021683432,0.030623825,0.71478158,0.11529193
20170404-153924-0.jpg,7,7,0.24186094,0.049194608,0.0029852497,0.0071587395,0.0028997387,0.054095924,0.029249195,0.49635613,0.11619952
20170404-153946-0.jpg,7,7,0.22483312,0.047115352,0.00017741921,0.00055052579,0.00021177348,0.023909012,0.01003386,0.63260597,0.060563035
20170404-153959-0.jpg,7,7,0.25677356,0.011843678,0.00057077967,0.002528185,0.00083175488,0.050909907,0.0067187198,0.56890082,0.10092262
20170405-154714-0.jpg,0,7,0.27744657,0.10397445,0.0013393635,0.0070925243,0.0021433313,0.031239357,0.014045965,0.32160184,0.2411166
20170405-154756-0.jpg,0,8,0.24220236,0.11034901,0.0025905017,0.036631756,0.02015668,0.081274442,0.0079050874,0.19957626,0.29931393
20170405-154952-0.jpg,0,8,0.032542177,0.026689742,0.0024409902,0.032080635,0.012778364,0.016625632,0.0051817251,0.039055657,0.83260512
20170405-155206-0.jpg,0,8,0.14990012,0.018567175,0.0031743692,0.016243588,0.0064674886,0.13976777,0.0065384824,0.15644968,0.5028913
20170405-155257-0.jpg,0,8,0.27772704,0.089799382,0.00059676671,0.0019037449,0.00059227436,0.066016696,0.10831332,0.10334888,0.35170195
20170405-155438-0.jpg,0,8,0.039753836,0.0063194116,0.0064186188,0.14224124,0.072765075,0.011812973,0.00098328979,0.034687169,0.68501842
20170405-155840-0.jpg,0,8,0.13262919,0.016366301,0.0015638584,0.013726868,0.0036595778,0.048834145,0.0024460026,0.07136368,0.70941043
20170405-155903-0.jpg,0,8,0.24671873,0.011919614,0.00060660642,0.0057003559,0.0011741114,0.018356709,0.00083488692,0.1334378,0.58125114
20170405-155929-0.jpg,0,8,0.26621422,0.0070057604,0.00099973555,0.0064922092,0.0021401534,0.060185198,0.003001855,0.19182615,0.46213469
20170405-160203-0.jpg,0,8,0.071529001,0.027208108,0.0057356567,0.1481467,0.032709029,0.043997746,0.0043425043,0.10018852,0.56614274
20170405-160241-0.jpg,0,8,0.090353474,0.020576485,0.00282176,0.0096817613,0.0037391463,0.035442479,0.086124301,0.20118755,0.55007303
20170405-160251-0.jpg,0,7,0.32842416,0.02106359,0.00021113029,0.0025923322,0.00084315712,0.016186174,0.0019251985,0.48046893,0.14828531
20170405-160310-0.jpg,8,8,0.2566978,0.021548854,0.0025237151,0.0081211524,0.0020652704,0.1061938,0.028238649,0.15109763,0.42351311
20170410-124256-0.jpg,0,0,0.57175791,0.065713383,0.00034855239,0.00108282,0.00050210266,0.010215634,0.024903074,0.186864,0.13861245
20170410-124301-0.jpg,0,0,0.37208846,0.023519952,0.00094312511,0.0048881802,0.0013381904,0.03610054,0.0019038975,0.22300003,0.33621761
20170410-124336-0.jpg,0,8,0.25913861,0.03363267,0.0040435297,0.041373715,0.0099635627,0.064543664,0.003406601,0.15129866,0.43259898
20170410-124543-0.jpg,0,7,0.21517943,0.039355766,0.002555866,0.029556345,0.0076585435,0.043399215,0.014551508,0.40350127,0.24424206
20170410-124556-0.jpg,0,8,0.092296034,0.027183222,0.0082283365,0.23400739,0.044214111,0.020994462,0.0089993943,0.11978972,0.44428739
20170410-124729-0.jpg,0,8,0.2960079,0.015830459,0.010378661,0.029144283,0.019457944,0.06325084,0.0070031784,0.15258102,0.40634567
20170410-124947-0.jpg,0,7,0.39571515,0.016331041,0.00010752139,0.00054744782,0.00016359251,0.0155717,0.01262633,0.40299425,0.15594298
20170410-153340-0.jpg,7,7,0.28171697,0.050165087,0.0027297507,0.01479453,0.0047831694,0.071986914,0.0067532351,0.32823041,0.23883989
20170410-153429-0.jpg,7,7,0.13252436,0.13088465,0.046723977,0.020519333,0.018390611,0.024939682,0.11727931,0.30744693,0.20129119
20170410-153813-0.jpg,7,8,0.20771132,0.030230338,0.0024563244,0.016500505,0.0063914075,0.037062325,0.0044264384,0.20768158,0.48753974
20170410-153913-0.jpg,0,8,0.15468708,0.014127833,0.00266437,0.048933256,0.013178647,0.0283543,0.0023039936,0.1602619,0.57548863
20170410-154041-0.jpg,7,7,0.41216105,0.017129589,0.00085233228,0.0090278517,0.0035279528,0.032319661,0.0029096052,0.42686298,0.095208928
20170410-154213-0.jpg,0,8,0.073042437,0.0020993303,0.0086735487,0.010779622,0.0067959456,0.014113961,0.001697251,0.020247471,0.86255038
20170410-155859-0.jpg,7,0,0.42098755,0.0087110167,0.0015310118,0.0072132531,0.0031226026,0.043353915,0.001397548,0.36278689,0.15089625
20170410-155936-0.jpg,7,7,0.18058471,0.073245697,0.018153355,0.068069249,0.032447755,0.097762905,0.0090101492,0.30117336,0.2195528
20170501-142224-0.jpg,1,1,0.052129533,0.72516793,0.00057579228,0.0026574431,0.00097973971,0.012602334,0.12445866,0.027980313,0.053448226
20170501-142343-0.jpg,1,1,0.052767567,0.38845906,0.0014209979,0.0078086946,0.0016958062,0.095815733,0.056525555,0.20474637,0.19076025
20170501-142429-0.jpg,1,1,0.076783501,0.44600838,0.00018526243,0.0085521219,0.0011269031,0.013213455,0.004924864,0.054768644,0.3944369
20170501-142730-0.jpg,1,8,0.054574337,0.31418917,0.00078137434,0.004235663,0.00098690134,0.087235898,0.079194061,0.031894274,0.42690837
20170501-142803-0.jpg,1,8,0.056508612,0.30901518,0.0012994448,0.011330711,0.0020267183,0.19153324,0.022319378,0.094458848,0.31150785
20170501-142811-0.jpg,1,8,0.045221943,0.21424173,0.00068785384,0.0047247419,0.00068280415,0.20549576,0.014747197,0.038614642,0.47558334
20170501-142839-0.jpg,1,1,0.12109608,0.34566104,0.0011940775,0.0065536313,0.0019720779,0.078109831,0.044488247,0.14434184,0.25658312
20170501-143014-0.jpg,1,8,0.095499262,0.17046882,0.011593373,0.01929565,0.01219224,0.10285339,0.066786475,0.089274317,0.43203655
20170501-143127-0.jpg,1,7,0.25240403,0.16572608,0.006155991,0.01486473,0.0047607776,0.10094474,0.011828404,0.33220389,0.11111136
20170501-143256-0.jpg,1,8,0.087528981,0.037902154,0.0063663023,0.022352574,0.017562943,0.26798812,0.0081053507,0.088478692,0.46371478
20170501-143703-0.jpg,1,1,0.046064522,0.65805846,0.00044243556,0.0053571556,0.00099010125,0.041898146,0.074450582,0.057159942,0.11557871
20170501-143728-0.jpg,1,1,0.093225949,0.32874027,0.021697856,0.03654046,0.034875643,0.029818887,0.064743415,0.089250118,0.30110741
20170501-144249-0.jpg,1,1,0.18477993,0.57407647,0.00032952841,0.0021098277,0.00036344459,0.0059675807,0.033964738,0.068738453,0.12967001
20170501-144335-0.jpg,1,8,0.14587077,0.13199843,0.0013431072,0.0032449153,0.0013708677,0.0099703083,0.022606162,0.21847749,0.46511796
20170501-144442-0.jpg,1,8,0.15784389,0.075394481,0.042590108,0.086983219,0.037902921,0.082330056,0.010587535,0.16335769,0.34301013
20170501-144548-0.jpg,8,8,0.0058184625,0.0030651842,0.043359261,0.042590849,0.030443082,0.0032726261,0.0077029411,0.0056663323,0.85808128
20170501-144820-0.jpg,8,8,0.055434849,0.058162153,0.0066218926,0.011461307,0.0043793884,0.025151365,0.020086987,0.052994754,0.76570725
20170501-144927-0.jpg,8,8,0.024152754,0.011679922,0.013779094,0.20616658,0.071202181,0.0050169844,0.0028312891,0.03650263,0.62866861
20170501-145033-0.jpg,8,8,0.0057564783,0.0017825734,0.0020846536,0.014016299,0.004998073,0.0085664121,0.0073915841,0.0043077148,0.95109624
20170501-145358-0.jpg,8,8,0.088027269,0.037351016,0.013859143,0.027037308,0.011139687,0.016095472,0.0083322274,0.078465164,0.71969271
20170501-145436-0.jpg,8,8,0.033253573,0.0098965261,0.022242272,0.21037252,0.11783373,0.009580275,0.0033528672,0.035034485,0.55843377
20170501-145501-0.jpg,8,8,0.10082178,0.010098219,0.0049356199,0.17652293,0.050425842,0.012727058,0.0012696075,0.091120146,0.55207884
20170501-145533-0.jpg,8,8,0.021254923,0.0036670866,0.10940986,0.22267564,0.27846158,0.0036140315,0.0026654082,0.024720514,0.33353096
20170501-145612-0.jpg,8,8,0.026052739,0.0069777481,0.037076041,0.14766382,0.2512922,0.0046898662,0.0021102335,0.044812027,0.47932535
20170501-145819-0.jpg,8,8,0.013794774,0.011152655,0.020410752,0.037366804,0.036503475,0.0085301418,0.0096712932,0.016385794,0.84618437
20170521-153419-0.jpg,1,1,0.10456496,0.48196158,0.000396844,0.0019037742,0.00037982673,0.008427158,0.064127535,0.30250734,0.035730988
20170521-153505-0.jpg,1,7,0.13899535,0.026880611,0.00055464136,0.013896707,0.00093512214,0.059446275,0.001575702,0.53658473,0.22113092
20170522-093642-0.jpg,1,1,0.077263713,0.34783456,0.0019620217,0.0028297687,0.0013290823,0.023373233,0.26630285,0.073077291,0.2060274
20170522-123520-0.jpg,1,8,0.097152814,0.11905348,0.026058335,0.058094651,0.03747103,0.10822556,0.045618944,0.16932577,0.33899939
20170610-121827-0.jpg,1,7,0.14222626,0.12487319,0.002768354,0.081460319,0.033074442,0.044167925,0.0084476667,0.28396732,0.27901453
20170610-122104-0.jpg,1,8,0.057116557,0.044677503,0.052614093,0.08537855,0.078618258,0.13905236,0.040307399,0.10298055,0.39925474
20170610-122128-0.jpg,1,8,0.077681333,0.25985855,0.006364265,0.0059579667,0.0046054395,0.034194581,0.16363996,0.090136454,0.35756141
20170610-122203-0.jpg,1,8,0.11171688,0.18565091,0.015932694,0.03614141,0.030109169,0.041678213,0.069130585,0.16597803,0.34366211
20170610-122424-0.jpg,1,8,0.061706632,0.068669066,0.022198103,0.046285909,0.025219295,0.18618155,0.053605493,0.04480483,0.49132916
20170610-122621-0.jpg,1,1,0.16252474,0.31971478,0.0019715924,0.0082943263,0.0027874215,0.053048968,0.12537406,0.093993306,0.23229077
20170610-122657-0.jpg,1,8,0.04279374,0.050036259,0.035867475,0.016978845,0.02995621,0.027953828,0.28212079,0.055880081,0.45841277
20170610-122844-0.jpg,1,8,0.12817949,0.12903748,0.007988845,0.013212417,0.0052812411,0.016333465,0.068002097,0.11078829,0.5211767
20170610-122854-0.jpg,1,0,0.34820297,0.049098,0.00048219328,0.00107599,0.00053419609,0.23790912,0.029630378,0.050008133,0.28305906
20170610-123326-0.jpg,1,1,0.11583901,0.39967868,0.002405351,0.023424799,0.0050901058,0.043269772,0.05436109,0.11199273,0.24393843
20170610-123517-0.jpg,1,8,0.26821351,0.096448548,0.0009973651,0.0030780658,0.0013089703,0.057786901,0.030721841,0.12101024,0.42043456
20170610-123756-0.jpg,1,8,0.076560766,0.086396441,0.0022363036,0.095413022,0.028570332,0.020707583,0.0041575832,0.10917103,0.57678694
20170610-124003-0.jpg,1,8,0.092959777,0.080781877,0.0027586299,0.012654168,0.0079137469,0.018404217,0.01770672,0.066811994,0.70000887
20170610-124209-0.jpg,1,8,0.065075949,0.18781848,0.0042672865,0.025664957,0.0085875811,0.026141994,0.032734402,0.093330666,0.55637866
20170627-103439-0.jpg,0,4,0.0072353855,0.001285487,0.079604939,0.23019245,0.55669206,0.0031398793,0.001755996,0.008197546,0.11189619
20170627-103800-0.jpg,0,8,0.3192361,0.014035273,0.0009485198,0.032121859,0.0082981717,0.059421875,0.0029360792,0.21421272,0.34878942
20170627-103912-0.jpg,0,8,0.22481392,0.011103829,0.015048896,0.1214055,0.11184811,0.040375598,0.0022467575,0.1682661,0.30489126
20170627-104139-0.jpg,0,8,0.27009583,0.0050860709,0.00060161715,0.015363966,0.0034705547,0.020135237,0.00064328802,0.089439936,0.59516352
20170627-104522-0.jpg,7,8,0.096584998,0.042128328,0.00058735471,0.018282419,0.0027025749,0.015815986,0.0024220205,0.14120063,0.68027574
20170627-104818-0.jpg,7,7,0.17764035,0.20754156,0.0017621538,0.0064979801,0.0020443115,0.013205235,0.0781781,0.45888969,0.054240692
20170627-105129-0.jpg,7,1,0.085355304,0.30959967,0.001061095,0.004869279,0.00095931446,0.027541526,0.10329917,0.22430485,0.24300976
20170627-105314-0.jpg,0,4,0.0060400921,0.0037522742,0.18867809,0.07036411,0.64180726,0.0054829158,0.0060346797,0.0085913073,0.069249339
20170630-150531-0.jpg,7,1,0.082250178,0.54209763,0.0017323976,0.0071357107,0.0012531389,0.0093868207,0.09143623,0.22046897,0.04423897
20170630-151031-0.jpg,7,7,0.21177535,0.088534117,0.0012830251,0.0034377966,0.00095016835,0.022314174,0.065406442,0.42153758,0.18476139
20170630-151649-0.jpg,7,8,0.042931784,0.028357048,0.0082032988,0.065553918,0.098497435,0.014151454,0.013761053,0.04758041,0.68096358
20170630-151804-0.jpg,7,1,0.18251732,0.37686151,0.0019564661,0.016649339,0.0060415808,0.026481107,0.039618406,0.17174107,0.17813326
20170630-152017-0.jpg,7,8,0.069867402,0.041411027,0.053168129,0.073111802,0.19657387,0.010464782,0.028657645,0.071532525,0.45521277
20170630-152127-0.jpg,7,8,0.055883601,0.015270502,0.017663317,0.051057812,0.040106963,0.0050424444,0.017889017,0.039229985,0.75785637
20170630-152150-0.jpg,7,8,0.10842143,0.087254517,0.0067177229,0.054366432,0.027364196,0.015544606,0.036688078,0.21434759,0.44929543
20170630-152500-0.jpg,7,8,0.044039454,0.043419853,0.0045401445,0.050870929,0.017151084,0.0081892172,0.021458508,0.063097693,0.74723315
20170630-152604-0.jpg,7,8,0.031675328,0.040882953,0.0036338805,0.026788168,0.01192984,0.0053383876,0.0045793327,0.021134758,0.8540374
20170630-153511-0.jpg,8,8,0.075389199,0.049532134,0.014819223,0.070786655,0.07516931,0.016131608,0.0049001332,0.10878105,0.58449072
20170630-153631-0.jpg,7,8,0.15218017,0.16985439,0.0038241525,0.046953041,0.013561243,0.02449511,0.0118715,0.19499005,0.38227034
20170630-153907-0.jpg,8,8,0.30359176,0.022364577,0.00022082197,0.00076324336,0.00019334783,0.044586767,0.029040895,0.039362039,0.55987656
20170630-154345-0.jpg,7,7,0.15106431,0.25262377,0.002416037,0.0089432346,0.0033721845,0.020967485,0.082208872,0.28081232,0.19759169
20170630-154406-0.jpg,7,7,0.28689688,0.12633356,0.00084873597,0.0040992456,0.00073824386,0.017262476,0.037090875,0.38888609,0.13784388
20170630-155109-0.jpg,7,8,0.10370879,0.029384781,0.0045205923,0.016033718,0.0095607853,0.019914718,0.0048264829,0.049893863,0.76215631
20170630-155129-0.jpg,7,8,0.025575899,0.020234931,0.01033552,0.016536886,0.0047810329,0.010100321,0.03336814,0.033137422,0.84592992
20170630-155212-0.jpg,7,7,0.20578505,0.27829191,0.0008923352,0.0026742565,0.0012446111,0.050847422,0.055039987,0.31363821,0.091586173
20170630-155415-0.jpg,7,7,0.2246328,0.15535276,0.00063976157,0.0024091974,0.00049148634,0.049119741,0.051947732,0.42571652,0.089689977
20170630-155544-0.jpg,7,7,0.17136893,0.27721211,0.0019722811,0.0036308614,0.0016034265,0.017806677,0.12551507,0.34252951,0.058361162
20170630-155948-0.jpg,7,8,0.028167676,0.0058097495,0.0089217201,0.033728864,0.030686477,0.0043700072,0.0056022704,0.024221255,0.85849196
20170630-160224-0.jpg,7,8,0.2350602,0.053490736,0.0041830754,0.014912884,0.0076682842,0.026435582,0.026281025,0.20496231,0.42700586
20170630-160239-0.jpg,7,8,0.065240152,0.026714541,0.010938524,0.09030848,0.077578396,0.0097581036,0.011555864,0.14027035,0.5676356
20170630-160252-0.jpg,7,8,0.0035330513,0.00066529901,0.00082147744,0.0046218666,0.0011729201,0.00045887471,0.00086017227,0.0014787879,0.98638761
20170704-151330-0.jpg,7,4,0.056200758,0.036932781,0.061053962,0.084645286,0.33065975,0.020055585,0.043057553,0.093999878,0.27339447
20170704-151510-0.jpg,0,1,0.1481549,0.43057379,0.00020159426,0.0043180203,0.00097441865,0.012655708,0.032052997,0.31070143,0.060367215
20170704-152032-0.jpg,0,0,0.4664084,0.020000268,0.0001652519,0.00085948961,0.00027034542,0.19271363,0.0092480667,0.19258803,0.11774645
20170704-153451-0.jpg,0,0,0.4006477,0.03359551,0.00026504579,0.0041735889,0.00068001228,0.019971438,0.0037379211,0.26306483,0.27386397
20170704-153719-0.jpg,0,8,0.071698271,0.11434495,0.00070754584,0.028767105,0.0032460112,0.043713041,0.044462513,0.061789136,0.63127142
20170704-153756-0.jpg,7,8,0.011737628,0.011642288,0.39901039,0.03871955,0.0453461,0.012612161,0.067389376,0.011259224,0.40228325
20170704-153838-0.jpg,7,8,0.011190724,0.070928313,0.007596937,0.0041660825,0.0015338641,0.01065763,0.18965761,0.016209627,0.68805921
20170704-154257-0.jpg,7,8,0.075742133,0.2663922,0.00076255464,0.012737116,0.0019189717,0.045449749,0.065024272,0.092922784,0.43905014
20170704-154449-0.jpg,7,0,0.29895717,0.016920222,0.00084853685,0.010472221,0.003169395,0.12497142,0.0039625643,0.2837798,0.25691858
20170704-154603-0.jpg,0,0,0.45623595,0.17476088,0.0019261163,0.005074013,0.0021206501,0.024940278,0.038539466,0.21050671,0.085895963
20170704-155143-0.jpg,7,7,0.22471359,0.11771544,0.0032812131,0.015005267,0.007743272,0.014195118,0.0088854786,0.30433264,0.30412796
20170704-155526-0.jpg,7,8,0.11860081,0.074611455,0.00088098762,0.024097262,0.0078721317,0.040890712,0.0038699296,0.1657131,0.56346357
20170705-160734-0.jpg,7,8,0.3189978,0.010286703,0.0027581556,0.015151965,0.0038521336,0.024305997,0.0014600296,0.17269595,0.45049134
20170705-160802-0.jpg,7,8,0.2204252,0.045920704,0.010415122,0.048519082,0.022927016,0.015234197,0.0099657606,0.2142763,0.41231662
20170705-161037-0.jpg,7,4,0.078007817,0.021543572,0.047381792,0.24084181,0.33913592,0.022547515,0.0061068833,0.095277086,0.14915755
20170705-161257-0.jpg,7,8,0.033012897,0.0088023236,0.19957405,0.1237195,0.20428833,0.041025825,0.014422152,0.030256504,0.34489846
20170705-161808-0.jpg,7,8,0.27155101,0.057145547,0.0020196962,0.028045181,0.0087658893,0.017894346,0.0030741349,0.19523723,0.41626695
20170705-161916-0.jpg,7,0,0.40801889,0.014624069,0.0006241572,0.0056280671,0.0013335871,0.0072361394,0.0007909105,0.17700827,0.38473585
20170705-162004-0.jpg,7,8,0.075954475,0.031328816,0.17391182,0.061543889,0.063589953,0.034146901,0.023176486,0.12490573,0.41144192
20170705-162307-0.jpg,7,8,0.11249228,0.035445761,0.0057026069,0.15942052,0.072110899,0.064075731,0.0046507623,0.14788726,0.39821419
20170705-162401-0.jpg,7,8,0.26649237,0.0034672131,0.0031384779,0.009413912,0.0034417438,0.019560898,0.00071556028,0.061304729,0.63246518
20170705-162506-0.jpg,7,8,0.087852322,0.04352583,0.0038675014,0.019594578,0.020925578,0.014297913,0.023636846,0.056642756,0.72965664
20170705-162907-0.jpg,0,4,0.049817573,0.028103877,0.030155366,0.10787682,0.40355572,0.011855129,0.0083018057,0.057708293,0.30262539
20170705-163451-0.jpg,7,4,0.090532161,0.041566428,0.024166221,0.19491625,0.24830297,0.019911943,0.013021897,0.119744,0.2478382
20170705-164137-0.jpg,7,8,0.13097146,0.017404936,0.0073810536,0.11092728,0.10416493,0.029715776,0.0038612632,0.12215463,0.47341862
20170705-164213-0.jpg,7,4,0.049045112,0.014442747,0.041118007,0.33189997,0.33600348,0.014764958,0.0024270208,0.041116096,0.1691826
20170705-164828-0.jpg,7,8,0.05480507,0.01371996,0.044505712,0.18701097,0.27014729,0.031642783,0.003291223,0.085619852,0.30925715
20170705-164946-0.jpg,7,4,0.045214891,0.015821617,0.022667341,0.17535844,0.45489231,0.0067902748,0.0037612028,0.066709839,0.20878409
20170705-165054-0.jpg,7,8,0.068228573,0.058550313,0.023500074,0.10409351,0.089066721,0.034760352,0.071464434,0.22806491,0.32227114
20170705-165107-0.jpg,7,8,0.055635475,0.03110582,0.0057445229,0.12400285,0.053581268,0.013617095,0.0052486388,0.06151858,0.64954573
20170705-165136-0.jpg,7,8,0.048161503,0.0062162722,0.019859016,0.074932359,0.18170604,0.015152419,0.002287457,0.041122176,0.61056274
20170705-165958-0.jpg,7,8,0.024148149,0.052082069,0.010768434,0.1041136,0.17544681,0.017577071,0.013390096,0.038326453,0.56414735
20170705-170053-0.jpg,7,8,0.068986915,0.026743717,0.024514483,0.11294357,0.11591119,0.0134711,0.020420663,0.11312594,0.50388247
20170705-170314-0.jpg,0,8,0.048027381,0.010675334,0.012312131,0.13735238,0.1541363,0.0036034253,0.0031542098,0.026581286,0.60415757
20170706-105716-0.jpg,7,3,0.066318147,0.029359514,0.01686755,0.38140774,0.25742576,0.0096586794,0.0013528747,0.061425306,0.1761844
20170706-110048-0.jpg,7,8,0.0024436817,0.0036191472,0.0067615835,0.015444781,0.010655307,0.0015017022,0.013141347,0.0021903412,0.94424206
20170706-110411-0.jpg,7,8,0.064654872,0.01833128,0.032599993,0.064338244,0.053792197,0.007093267,0.0076752626,0.064625226,0.68688965
20170706-111355-0.jpg,7,8,0.012603647,0.012128627,0.037364587,0.061819959,0.15438244,0.0069605736,0.072184511,0.01298298,0.62957269
20170706-112058-0.jpg,7,8,0.025177665,0.0083393911,0.07880269,0.064601034,0.17163788,0.022217095,0.032332741,0.041941144,0.5549503
20170706-112528-0.jpg,7,4,0.036177658,0.016940676,0.021135261,0.20217824,0.39200658,0.010548349,0.0027508575,0.05038796,0.26787436
20170706-113058-0.jpg,7,8,0.015796904,0.0018492298,0.0188295,0.12160746,0.10173903,0.010625763,0.0054336153,0.017006237,0.70711219
20170706-113305-0.jpg,7,4,0.019485593,0.012473744,0.05196844,0.30737358,0.32615125,0.005644354,0.0033223466,0.033174329,0.24040635
20170706-113440-0.jpg,7,8,0.038221564,0.021413688,0.006082634,0.088853188,0.044456877,0.0073976144,0.0019622711,0.030093495,0.76151866
20170707-110403-0.jpg,7,4,0.049900591,0.019670993,0.067625657,0.16561984,0.3162196,0.011078399,0.012140901,0.060211357,0.29753271
20170707-111523-0.jpg,7,8,0.027145162,0.024859026,0.096918076,0.090103529,0.17660113,0.018401563,0.022127802,0.063878365,0.4799653
20170707-111904-0.jpg,0,4,0.005406166,0.0068261391,0.03741486,0.18393911,0.62765276,0.0023888657,0.0035641873,0.010968193,0.12183975
20170707-113101-0.jpg,7,8,0.17415172,0.029045485,0.0027702043,0.039162531,0.015265017,0.039610848,0.0028027596,0.12628174,0.57090968
20170707-113143-0.jpg,7,8,0.10878953,0.019722274,0.018688096,0.24649838,0.23187101,0.01391608,0.0025214038,0.10828602,0.24970724
20170707-113201-0.jpg,7,8,0.10663768,0.062053416,0.0079423627,0.038389448,0.016764555,0.024610361,0.021492513,0.13755062,0.58455902
20170707-113317-0.jpg,0,8,0.03290081,0.016438218,0.012956324,0.081273519,0.088660128,0.010903573,0.015458672,0.031037478,0.71037126
20170707-113921-0.jpg,0,4,0.033489704,0.009616808,0.094958648,0.22235668,0.33992648,0.011596201,0.010597836,0.060261671,0.21719594
20170707-114844-0.jpg,0,8,0.09310396,0.060577631,0.03228021,0.1330556,0.081286892,0.016692106,0.01305043,0.12464038,0.44531277
20170711-113028-0.jpg,0,8,0.042904276,0.051493052,0.0033140387,0.21963793,0.026327422,0.0060829818,0.0088663884,0.038169097,0.60320479
20170711-113055-0.jpg,0,8,0.026174195,0.012180067,0.0041265017,0.063066348,0.015516905,0.0021605811,0.0025637257,0.014479804,0.85973179
20170711-113229-0.jpg,0,8,0.061015002,0.094691537,0.0099679912,0.20832163,0.050052963,0.0059001967,0.012743892,0.079709299,0.47759753
20170711-113440-0.jpg,7,8,0.024704279,0.0060205436,0.1355855,0.094486728,0.14618014,0.0078847464,0.0061983471,0.030780734,0.548159
20170711-115741-0.jpg,0,8,0.11243085,0.034095295,0.036828794,0.19395985,0.074803151,0.013132345,0.01372296,0.081849858,0.43917686
20170711-115907-0.jpg,0,8,0.004399694,0.0018230858,0.11063527,0.070438243,0.10721666,0.0015370051,0.01449266,0.0066481526,0.68280917
20170711-120643-0.jpg,0,8,0.026215842,0.013797556,0.0031749133,0.029211305,0.01187057,0.0032768333,0.0020494324,0.017584192,0.89281934
20170711-120923-0.jpg,0,1,0.21568446,0.2695263,0.0011687145,0.0064152759,0.001064652,0.066349775,0.05076943,0.12190136,0.26712009
20170711-121335-0.jpg,0,8,0.1038961,0.038003128,0.01262785,0.23995107,0.12440626,0.033843592,0.0043731942,0.14468297,0.29821587
20170711-121448-0.jpg,0,8,0.054175723,0.020309979,0.15880969,0.13239509,0.20598386,0.14398591,0.019526461,0.051307172,0.2135061
20170714-110509-3.jpg,1,6,0.011785327,0.33622757,0.0015169958,0.002063988,0.00082826731,0.0075809476,0.57947952,0.0075545763,0.052962851
20170714-110520-3.jpg,1,1,0.03328111,0.3612949,0.017654039,0.011108258,0.0083697112,0.0073788608,0.31936997,0.027656738,0.21388635
20170714-110600-3.jpg,1,6,0.020611295,0.34285629,0.0036512779,0.0022003911,0.00073504099,0.0075883786,0.51302469,0.010419938,0.098912708
20170714-110618-3.jpg,1,1,0.042143777,0.48688918,0.0080817612,0.012063098,0.0064482125,0.02228405,0.21771628,0.046126388,0.15824716
20170714-110651-3.jpg,1,1,0.054349422,0.7239489,0.0019122914,0.0044874377,0.0021549389,0.0097520957,0.083366103,0.047747076,0.072281644
20170714-110741-1.jpg,1,8,0.013422592,0.055512682,0.031630222,0.035032541,0.046579231,0.0049300375,0.23007303,0.023367103,0.55945259
20170714-110804-3.jpg,1,1,0.013267111,0.70226115,0.00049182039,0.0046740095,0.00074742723,0.021165613,0.075682268,0.019055255,0.16265523
20170714-110825-1.jpg,1,8,0.017845366,0.032589756,0.033555571,0.054697663,0.069879957,0.018509476,0.046732068,0.030722519,0.69546759
20170714-110855-2.jpg,1,1,0.023730675,0.75430906,0.00083592837,0.010102274,0.0015200407,0.011458506,0.087263614,0.02506916,0.085710607
20170714-110952-3.jpg,1,1,0.038767457,0.60011834,0.0023722704,0.0018066895,0.00093963137,0.024155056,0.16757143,0.036670849,0.12759827
20170714-111045-1.jpg,1,8,0.1073103,0.068516262,0.00082672556,0.011871452,0.003397573,0.069934174,0.033372786,0.076712154,0.62805861
20170714-111117-1.jpg,1,1,0.12031008,0.39773899,0.00012731762,0.0042221374,0.00061535841,0.0073630847,0.017100938,0.12334146,0.32918069
20170714-111132-2.jpg,1,8,0.083336659,0.11714781,0.038846377,0.07325688,0.025629131,0.10521517,0.044618391,0.076656953,0.4352926
20170714-111256-2.jpg,1,1,0.0096006673,0.91724378,0.000182991,0.0028004968,0.00042348655,0.0020875912,0.036654875,0.018353812,0.012652405
20170714-111315-1.jpg,1,1,0.060423359,0.4833757,0.0061716763,0.029951217,0.0090470333,0.022463787,0.020722989,0.078405164,0.28943917
20170714-111434-2.jpg,1,1,0.017214257,0.8199991,0.00051808532,0.0045027472,0.00089966174,0.0098102707,0.034727808,0.074226573,0.038101505
20170714-111501-2.jpg,1,1,0.007628418,0.92957413,5.1037787e-05,0.00033845141,7.1872339e-05,0.0023272987,0.053677417,0.0039532827,0.0023780793
20170714-111546-1.jpg,1,1,0.025484847,0.86722076,0.00036375859,0.006869731,0.0020715371,0.0051039555,0.030358393,0.029327089,0.033199996
20170714-112144-3.jpg,1,1,0.033857815,0.56776083,0.00022497987,0.0032469465,0.00028313129,0.073063105,0.036963653,0.051626615,0.23297291
20170714-112445-2.jpg,1,8,0.059541423,0.022789296,0.00013550771,0.0087977974,0.0011473402,0.0069811284,0.0019958825,0.027215444,0.87139618
20170714-112512-2.jpg,1,8,0.059728,0.23550744,0.00035744486,0.0085677579,0.0013265468,0.016292514,0.014280516,0.055759959,0.60817981
20170714-112604-2.jpg,1,8,0.063014314,0.066852748,0.0095418766,0.086589292,0.045247689,0.013690842,0.044949804,0.055486597,0.61462682
20170714-112620-2.jpg,1,8,0.080831446,0.30757543,0.001492184,0.015083913,0.0024514948,0.064940497,0.06170471,0.10898503,0.35693526
20170714-113205-2.jpg,1,8,0.055760875,0.23030575,0.094791621,0.027060248,0.017715314,0.012010388,0.096904613,0.05722994,0.4082213
20170714-113316-2.jpg,1,8,0.055263154,0.11614164,0.0044263289,0.013279987,0.0053500282,0.025159229,0.060588628,0.014962429,0.70482856
20170714-113340-2.jpg,1,1,0.042058699,0.35427424,0.046582952,0.012066613,0.0067002801,0.01179082,0.24899997,0.069361925,0.20816454
20170714-113609-3.jpg,1,1,0.052097376,0.41245675,0.0017889226,0.022359803,0.0070315376,0.034394912,0.041679125,0.097497769,0.3306939
20170714-113807-2.jpg,1,8,0.21600825,0.073790267,0.0031792058,0.030002763,0.020386528,0.011646374,0.0060103256,0.17814445,0.46083185
20170714-113852-2.jpg,1,8,0.050130535,0.15463205,0.0033951316,0.015894942,0.0055289329,0.02750079,0.055364046,0.088440068,0.59911352
20170714-113918-2.jpg,1,8,0.027569428,0.093953729,0.021110654,0.034029562,0.023965554,0.013404781,0.13601652,0.049031507,0.60091823
20170714-114326-2.jpg,1,1,0.068130992,0.5964148,0.00061979482,0.004167994,0.0011518532,0.0061656507,0.0928296,0.035627745,0.19489157
20170714-114421-2.jpg,1,8,0.021022663,0.025680065,0.002526049,0.019881545,0.0058376044,0.051545531,0.045946606,0.028174082,0.79938585
20170714-114527-2.jpg,1,8,0.065688834,0.096661545,0.019850064,0.034862667,0.034009807,0.048496693,0.18483897,0.071036659,0.44455478
20170714-114719-3.jpg,1,1,0.01318864,0.86041337,0.00020089866,0.00096632598,0.00022357321,0.011480885,0.079035617,0.0084716799,0.026018986
20170714-114743-3.jpg,1,1,0.026027396,0.77350456,5.161887e-05,0.0038706607,0.0006471966,0.011199738,0.0088333832,0.015017395,0.16084813
20170714-115130-2.jpg,1,8,0.019312965,0.02691924,0.013509816,0.045811929,0.029867468,0.014143094,0.050874639,0.032946359,0.7666145
20170714-115243-2.jpg,1,1,0.014534183,0.86689174,0.00027595539,0.0061820215,0.0010288454,0.011642907,0.038516663,0.023893891,0.037033755
20170714-115519-2.jpg,1,1,0.013165013,0.85139459,0.00034989827,0.0034010371,0.00063308497,0.0025685418,0.072003283,0.02039383,0.036090754
20170714-115729-3.jpg,1,1,0.0042972337,0.97073048,1.089204e-05,0.00027071507,2.7983413e-05,0.00086749974,0.014097123,0.0060097924,0.0036882283
20170714-115904-1.jpg,1,8,0.094812356,0.096966088,0.0019398668,0.038011778,0.012658542,0.018317714,0.021390852,0.097889692,0.61801308
20170714-115907-3.jpg,1,1,0.019239195,0.70943356,0.0017166311,0.0054553542,0.0021454194,0.0034248102,0.18800326,0.018038526,0.052543353
20170714-115933-1.jpg,1,1,0.063587561,0.62512779,0.0010233514,0.019590056,0.0049449624,0.014569263,0.017236996,0.063351706,0.19056836
20170714-120132-2.jpg,1,6,0.04597196,0.30168074,0.0021620572,0.0044056592,0.0018944852,0.0066995812,0.51814038,0.033268396,0.085776679
20170714-120146-3.jpg,1,1,0.001666334,0.97079873,1.3458648e-05,0.00011964887,1.3842754e-05,0.00030370068,0.024383621,0.001747756,0.00095296378
20170714-120228-3.jpg,1,1,0.015299648,0.89685726,0.00015777528,0.0021644437,0.00043596237,0.0026252433,0.053510796,0.016909862,0.012039058
20170714-120502-3.jpg,1,1,0.0078352615,0.94310027,0.00014440341,0.0011793346,0.00023125632,0.0014606193,0.02377524,0.012885058,0.0093886452
20170714-120930-3.jpg,1,1,0.0080181025,0.62519598,0.00060946902,0.0026178786,0.0004367225,0.018379008,0.27444074,0.0093807429,0.060921393
20170714-121008-3.jpg,1,1,0.057540432,0.64444077,0.0021540767,0.00901521,0.004309814,0.020107636,0.1209124,0.046067446,0.095452175
20170714-121303-2.jpg,1,8,0.019497199,0.026168337,0.048681222,0.0034115133,0.0027974329,0.0098247183,0.17962299,0.010802018,0.69919461
20170714-121542-3.jpg,1,8,0.045413841,0.25103191,0.010481619,0.027127072,0.013452386,0.01051493,0.18085882,0.065913387,0.39520609
20170714-121934-2.jpg,1,1,0.061346631,0.7306577,0.00018465614,0.00071178627,0.00021891225,0.018479235,0.11712854,0.017525911,0.053746555
20170714-122115-2.jpg,1,1,0.070150711,0.4092316,0.0028046605,0.0094578462,0.0038441108,0.082551189,0.17480458,0.031095594,0.21605973
20170714-122340-2.jpg,1,1,0.062452041,0.59819967,0.0015202245,0.007267558,0.0017703695,0.0079373568,0.14270894,0.030812597,0.14733116
20170714-122534-2.jpg,1,6,0.04351756,0.30530694,0.01285679,0.0087967366,0.0048971032,0.011105338,0.45829833,0.017346544,0.13787466
20170714-122658-3.jpg,1,8,0.074046612,0.31421432,0.0019636729,0.011396511,0.0072920131,0.020637976,0.044543799,0.088532589,0.43737251
20170714-122801-3.jpg,1,1,0.049595065,0.53851575,0.00083183288,0.002520964,0.00080442784,0.025580471,0.24705021,0.037035197,0.098066106
20170714-130008-1.jpg,1,8,0.14784524,0.23228364,0.00071041082,0.0043462715,0.001090861,0.18889105,0.037763201,0.091043763,0.29602557
20170714-130716-1.jpg,1,1,0.080543973,0.59591562,0.0010118225,0.0085138818,0.0021264474,0.006195779,0.055016898,0.098240651,0.15243492
20170714-131200-1.jpg,1,1,0.14757809,0.68440366,0.00017795607,0.0018552133,0.00051096734,0.023111491,0.043903999,0.061325938,0.037132692
20170714-132633-1.jpg,1,8,0.028815713,0.14953692,0.0006462239,0.0053154137,0.00093552849,0.20435441,0.023332939,0.032672714,0.55439013
20170714-133626-1.jpg,1,1,0.017643234,0.6876809,0.00024939363,0.00081587251,9.3808732e-05,0.012730948,0.21862911,0.0057921791,0.056364559
20170714-133951-1.jpg,1,1,0.060578968,0.69982243,0.0028297354,0.025572773,0.010511065,0.0069282553,0.034462921,0.067388937,0.091904864
20170714-134014-1.jpg,1,1,0.088682286,0.52097946,0.0044084154,0.026894916,0.0091712875,0.022271372,0.034803715,0.11660961,0.1761789
20170714-134219-1.jpg,1,1,0.013920646,0.95126873,3.4680783e-05,0.00031394695,4.40521e-05,0.0017311998,0.018932277,0.0072268182,0.0065277121
20170714-135108-2.jpg,1,1,0.049486164,0.41881838,0.0094764465,0.026232775,0.034380198,0.016051067,0.12133379,0.087524958,0.23669621
20170714-135146-3.jpg,1,8,0.052523002,0.30786952,0.00023308217,0.008759968,0.0011095434,0.035785396,0.094304144,0.070416078,0.42899927
20170714-135211-3.jpg,1,1,0.0099268779,0.96700448,1.2965808e-05,0.0001016515,1.601754e-05,0.0025165675,0.016141683,0.0032346309,0.0010452574
20170714-135605-3.jpg,1,1,0.032681148,0.47715449,0.0048071807,0.028784195,0.0091314903,0.006470039,0.23723723,0.1055395,0.098194718
20170714-140006-2.jpg,1,8,0.030291686,0.34527856,0.0018887869,0.0099084042,0.0017590864,0.031918775,0.14746284,0.023114882,0.40837702
20170714-140012-1.jpg,1,8,0.098455593,0.18921694,0.00060733536,0.040881429,0.0042497031,0.0095817363,0.0025014873,0.15946144,0.49504432
20170714-140131-1.jpg,1,1,0.066104628,0.62473696,0.0018379445,0.029246166,0.010184647,0.028369902,0.034424808,0.078804076,0.12629083
20170714-140157-3.jpg,1,1,0.039014772,0.7938624,0.00032171819,0.0018326853,0.00022126365,0.0095683448,0.052388031,0.04316017,0.059630677
20170714-140321-2.jpg,1,1,0.063971072,0.52864784,0.00066935958,0.016871635,0.0033916468,0.026840001,0.017320508,0.05799656,0.28429136
20170714-140523-2.jpg,1,8,0.015712647,0.073300444,0.013686267,0.048261434,0.01394185,0.044938166,0.06442634,0.01831446,0.70741838
20170714-140539-2.jpg,1,8,0.05852358,0.1545596,0.0056610033,0.028375292,0.011998426,0.018798552,0.029988833,0.054488264,0.63760644
20170714-140623-1.jpg,1,8,0.091149613,0.19326191,0.0004255902,0.01338517,0.0016312929,0.0092190169,0.0053181024,0.14552732,0.54008204
20170714-141257-3.jpg,1,1,0.05308713,0.64196455,0.0026083917,0.015919175,0.0066807815,0.0066186311,0.023106944,0.14918222,0.10083222
20170714-141300-2.jpg,1,6,0.023022261,0.16572322,0.0048087109,0.0046523963,0.0019038864,0.056145139,0.48635814,0.017404612,0.23998171
20170714-141640-3.jpg,1,1,0.0091579426,0.87500817,0.0001308967,0.00096793898,8.9649409e-05,0.0028346367,0.089924924,0.013546022,0.0083398074
20170714-141938-3.jpg,1,8,0.037547644,0.21682778,0.0074075684,0.016111264,0.0023889884,0.25323623,0.11410666,0.060119074,0.29225478
20170714-142225-3.jpg,1,1,0.012333031,0.92559296,0.00017847905,0.0016215924,0.00025595271,0.0025735712,0.032586377,0.01762994,0.0072281579
20170714-142422-2.jpg,1,8,0.11191364,0.30973545,0.0030837671,0.014679389,0.0044099847,0.051726032,0.015858563,0.12582076,0.36277246
20170714-142424-3.jpg,1,1,0.028811475,0.59413135,0.0034683095,0.017787915,0.0030076017,0.014697292,0.077302486,0.076660067,0.18413348
20170714-142445-3.jpg,1,1,0.071649417,0.55337369,0.0031043105,0.0050876956,0.0021511586,0.092330284,0.13507827,0.0319384,0.10528677
20170714-142641-3.jpg,1,1,0.016005268,0.9546752,1.6341197e-05,0.00078293093,6.5602653e-05,0.0014535603,0.0072871791,0.011864339,0.0078495964
20170714-143122-2.jpg,1,1,0.063544177,0.35127744,0.011394049,0.055591948,0.027594578,0.04870655,0.04901956,0.10891978,0.28395188
20170714-143138-1.jpg,1,8,0.095284075,0.14883028,0.00095831719,0.024644352,0.0093164677,0.02317391,0.010721045,0.12479791,0.56227362
20170714-143314-1.jpg,1,1,0.032939054,0.44426161,0.0042525539,0.027960423,0.019864546,0.017437311,0.17092189,0.040429622,0.24193293
20170714-143353-1.jpg,1,1,0.052880235,0.60331744,0.00020848708,0.0051975525,0.0014740693,0.010437019,0.071680829,0.046215337,0.20858905
20170714-143440-3.jpg,1,1,0.030377584,0.63313746,0.0048710071,0.0097751878,0.002415441,0.0082332017,0.20545803,0.04267906,0.063052982
20170714-143549-1.jpg,1,8,0.0020123273,0.0021944318,0.00017733297,0.0025634633,0.00070181204,0.0044778767,0.0030108406,0.0010354039,0.98382658
20170714-143702-2.jpg,1,8,0.02549804,0.041486423,0.0023372944,0.0080299536,0.0017265856,0.014264071,0.038860641,0.024095297,0.84370172
20170714-143747-1.jpg,1,1,0.035815474,0.58505976,0.00012310676,0.0045057754,0.00073674985,0.015296759,0.026823156,0.039474539,0.29216465
20170714-144010-2.jpg,1,8,0.047248274,0.11794958,0.037434671,0.045104783,0.041436978,0.013630147,0.11747485,0.063980527,0.51574022
20170714-144408-2.jpg,1,8,0.065443657,0.051570565,0.0035695753,0.14689718,0.024837669,0.024191258,0.0027572298,0.051271904,0.62946099
20170714-150201-1.jpg,1,8,0.048061885,0.20628965,0.010222848,0.16546609,0.1460906,0.016209932,0.0075254319,0.077238925,0.32289466
20170714-150233-1.jpg,1,1,0.027409971,0.88302475,7.3559153e-05,0.00011741228,3.9235994e-05,0.0017854888,0.060859147,0.018619062,0.0080713956
20170714-150335-1.jpg,1,1,0.016045695,0.9416002,0.00017593385,0.00079980621,0.00016238807,0.0032990053,0.023737175,0.0092371479,0.0049426337
20170714-150357-1.jpg,1,8,0.061340164,0.26679945,0.010057862,0.01563289,0.0066936519,0.020104753,0.14302757,0.055161759,0.42118192
20170714-165934-1.jpg,1,1,0.0076831086,0.96467352,5.0185296e-05,0.00096019305,9.5643256e-05,0.00076324207,0.0094754677,0.0082615213,0.0080370447
20170714-165953-1.jpg,1,8,0.047517341,0.088417642,0.020029163,0.047603805,0.042121839,0.032548007,0.031379677,0.044252194,0.64613032
20170714-170023-1.jpg,1,1,0.066745646,0.76642048,0.00040087881,0.0029305813,0.00053048122,0.0093789324,0.026239827,0.051468864,0.07588426
20170714-170049-1.jpg,1,1,0.056588475,0.38038501,0.0032122131,0.016256558,0.0036606411,0.035295341,0.11302869,0.061119884,0.33045313
20170714-170312-1.jpg,1,8,0.14845115,0.080019921,0.00050257065,0.0077094729,0.0013751823,0.039797988,0.0028661643,0.06165567,0.65762192
20170714-170519-1.jpg,1,1,0.045537289,0.55316728,0.0040927297,0.030567938,0.012672429,0.013804104,0.031719107,0.11646403,0.19197503
20170714-170622-1.jpg,1,1,0.072627425,0.62398577,0.0003665612,0.0071103908,0.001216804,0.025444707,0.014413743,0.16363198,0.091202661
20170714-175912-1.jpg,1,1,0.021559158,0.94327897,2.4299909e-05,0.00014791114,2.390689e-05,0.00059621327,0.016678382,0.013978706,0.0037126213
20170714-190038-1.jpg,1,1,0.068627976,0.77884805,3.8146976e-05,0.00039845935,4.2431333e-05,0.024338597,0.056849074,0.021918576,0.04893871
20170714-190053-1.jpg,1,1,0.028463792,0.866503,6.909998e-05,0.0021654414,0.00034319231,0.0097040525,0.0093059689,0.036321923,0.047123332
20170714-190315-1.jpg,1,8,0.099901646,0.31575212,0.0013673281,0.0085176919,0.002155808,0.026099771,0.01797317,0.11235182,0.41588068
20170715-100942-1.jpg,1,6,0.006389298,0.22482476,0.00011895083,0.00032179302,5.1309493e-05,0.037789904,0.622226,0.0037903611,0.10448761
20170715-102940-1.jpg,1,1,0.069913454,0.64593863,0.00034373609,0.0010472372,0.00019942582,0.012308034,0.16556482,0.03054262,0.074142009
20170715-110117-1.jpg,1,6,0.0047707483,0.17689468,0.00020847254,0.00016843283,3.0097224e-05,0.049290687,0.62051332,0.0017611564,0.14636232
20170715-111253-1.jpg,1,6,0.0035913247,0.16960007,0.002229074,0.00082073495,0.00014889248,0.029204439,0.70507914,0.0023813173,0.086945072
20170715-113722-1.jpg,1,1,0.0109965,0.81686211,0.00021205113,0.00063288602,0.000149881,0.0018949282,0.14364128,0.011807501,0.01380292
20170715-114729-1.jpg,1,1,0.038810618,0.63243622,0.00033812298,0.00059245818,0.00015225985,0.032243047,0.22931437,0.0066651264,0.059447754
20170715-120055-1.jpg,1,6,0.0048178528,0.36974829,0.0008567734,0.0013362392,0.00034046083,0.006078105,0.59434956,0.0035476324,0.018925108
20170715-120750-1.jpg,1,1,0.023286309,0.7534461,0.00037459921,0.00084671378,0.00018032324,0.01610378,0.1672073,0.0084546953,0.030100077
20170715-122816-1.jpg,1,1,0.045322757,0.71785736,0.00020572398,0.0010329747,0.00020221723,0.023138482,0.15293728,0.013418813,0.045884397
20170715-124714-1.jpg,1,8,0.00065675186,0.04045184,0.00025204782,0.00050248986,5.3445794e-05,0.053860087,0.43395087,0.00020862406,0.47006384
20170715-124738-1.jpg,1,1,0.008619383,0.76766425,0.00028022419,0.00081815367,0.00015695095,0.0028842697,0.2046538,0.0095809065,0.0053421468
20170715-131418-1.jpg,1,1,0.024835976,0.61436331,0.00022446747,0.00035292469,0.00016169714,0.011054895,0.32371372,0.0083668064,0.016926209
20170715-133445-1.jpg,1,1,0.011418595,0.76321548,0.00012827133,0.00033554889,5.8846759e-05,0.011780701,0.16816318,0.00404232,0.040857092
20170715-143826-1.jpg,1,1,0.027977748,0.63142502,0.00075347401,0.0026027809,0.00045364798,0.019230526,0.12375078,0.014476469,0.17932951
20170715-143923-1.jpg,1,1,0.019988419,0.53424406,0.00036163325,0.0011119946,0.00019625635,0.01578794,0.38028437,0.015089128,0.032936092
20170715-144023-1.jpg,1,1,0.01236081,0.87192225,2.3071532e-05,0.00042010518,5.253093e-05,0.0065282839,0.063690312,0.0046309694,0.040371608
20170715-144604-1.jpg,1,1,0.0075236671,0.7871266,0.00024473559,0.0013178628,0.00017393407,0.0058075753,0.11813185,0.0022442732,0.077429555
20170715-152140-1.jpg,1,6,0.0041533033,0.42090446,0.00013765167,0.00063809176,4.7549602e-05,0.010145751,0.51709747,0.002623488,0.044252232
20170715-161538-1.jpg,1,1,0.013759772,0.70304018,0.0010338323,0.0022775079,0.00076378539,0.010298686,0.23406897,0.013159978,0.021597311
20170715-161925-1.jpg,1,6,0.0073362165,0.3615922,0.00033466783,0.0012355782,0.00016173729,0.041027706,0.49578133,0.0053820736,0.087148473
20170715-162301-1.jpg,1,1,0.016784642,0.60591167,0.00015277351,0.00070443022,0.00014849415,0.03383071,0.30661967,0.0059639011,0.029883673
20170715-162547-1.jpg,1,1,0.01288946,0.61125225,0.00021213399,0.00052439398,0.0001027871,0.0027732002,0.35149622,0.0087767513,0.011972858
20170715-162718-1.jpg,1,1,0.01042588,0.84860677,2.3836186e-05,0.00013273182,2.2392001e-05,0.012644504,0.10419121,0.0098211439,0.014131447
20170715-170425-1.jpg,1,1,0.10583098,0.28796631,0.00048450002,0.0013549138,0.00029069016,0.044446737,0.27453536,0.04012195,0.24496847
20170715-170432-1.jpg,1,1,0.011386807,0.8653813,8.0535792e-05,0.0008297679,0.00012075751,0.0049357973,0.095807552,0.0097112479,0.011746298
20170715-174155-1.jpg,1,1,0.025805328,0.62517017,0.0010389258,0.0019696031,0.00067286321,0.009318064,0.26456526,0.011127684,0.060332056
20170715-174216-1.jpg,1,1,0.015510888,0.82846421,0.00033896172,0.00087406207,0.00014343546,0.0053519844,0.10126574,0.0065363389,0.041514426
20170718-094237-2.jpg,0,8,0.062259141,0.013585882,0.01629404,0.21864192,0.088595599,0.056278076,0.0033624186,0.053903759,0.48707917
20170718-094823-2.jpg,0,8,0.073729984,0.022945255,0.024813,0.25161636,0.050443683,0.038513482,0.010573702,0.08948148,0.43788302
20170718-095143-2.jpg,0,3,0.077449895,0.0093192598,0.01971758,0.45878899,0.14759125,0.01165588,0.0021048794,0.056124419,0.21724781
20170718-100028-2.jpg,0,0,0.36535963,0.24550982,0.00020162569,0.0014154786,0.00026526916,0.020247653,0.031018613,0.17440937,0.16157262
20170718-100046-2.jpg,0,8,0.068291202,0.29240251,0.002037009,0.011208108,0.0027197443,0.13517918,0.14513925,0.048388276,0.29463464
20170718-100509-2.jpg,0,4,0.0097448044,0.0077353818,0.047901791,0.14231902,0.46422696,0.01120411,0.0043461714,0.012381852,0.30013993
20170718-100551-2.jpg,0,4,0.010943393,0.0027116621,0.21001619,0.10457762,0.53491414,0.0058616716,0.0040876227,0.010443164,0.1164446
20170718-101135-2.jpg,0,8,0.027150575,0.025532354,0.0064897253,0.057742007,0.036989287,0.011112611,0.0094380286,0.023160284,0.80238509
20170718-101313-2.jpg,0,8,0.1989897,0.086389259,0.0086525818,0.035203125,0.051602241,0.091154978,0.0095257806,0.16946326,0.34901908
20170718-101417-2.jpg,0,8,0.30132669,0.084949963,0.00025036742,0.0088387178,0.0018213969,0.036109019,0.0020610029,0.25717816,0.30746469
20170718-101439-2.jpg,0,4,0.061440483,0.037054714,0.107775,0.1657965,0.31051874,0.012650716,0.010821648,0.075756952,0.21818525
20170718-101446-2.jpg,0,8,0.10904399,0.11365519,0.0023863043,0.046266958,0.021157682,0.091929249,0.0150057,0.083751269,0.51680374
20170718-101616-2.jpg,0,8,0.074068509,0.071447,0.0035454996,0.036008481,0.027220991,0.14946721,0.033109926,0.09653645,0.50859594
20170718-101628-2.jpg,7,8,0.070010841,0.047844213,0.015118331,0.19782676,0.14044537,0.016185349,0.0063473955,0.12064599,0.3855758
20170718-101744-2.jpg,0,8,0.070552401,0.038781069,0.017804304,0.060363483,0.051034987,0.038148124,0.010627331,0.034519475,0.67816883
20170718-101808-2.jpg,0,6,0.063387677,0.18060875,0.00089452352,0.0041744923,0.0010046274,0.090339005,0.36711946,0.045574758,0.24689677
20170718-101848-2.jpg,0,8,0.027276935,0.10365695,0.0045907735,0.062253162,0.040145136,0.0086142868,0.015800105,0.033158015,0.70450461
20170718-102043-2.jpg,7,8,0.033203725,0.01216139,0.016948642,0.10158785,0.08759249,0.0074554863,0.0082167154,0.04105667,0.69177699
20170718-102127-2.jpg,7,8,0.030519914,0.088592581,0.0048323078,0.098943934,0.035503935,0.011663057,0.032479592,0.094946668,0.60251802
20170718-102144-2.jpg,7,8,0.12030865,0.065910563,0.010107697,0.072214596,0.077121235,0.034113821,0.0078581274,0.23600399,0.37636131
20170718-102251-2.jpg,7,8,0.044824075,0.062723234,0.0083751576,0.081562497,0.12406722,0.01778244,0.016802073,0.083932213,0.5599311
20170718-102347-2.jpg,7,7,0.093426794,0.093983904,0.021467732,0.14628807,0.098175742,0.026191538,0.020010017,0.30390346,0.19655274
20170718-102545-2.jpg,7,4,0.02391584,0.033808958,0.22407793,0.16246064,0.26215118,0.021742808,0.020562068,0.026805988,0.22447461
20170718-102555-2.jpg,7,3,0.068305723,0.031049822,0.013149123,0.30094332,0.21014746,0.011333157,0.0063793524,0.094557367,0.26413471
20170718-131812-2.jpg,7,8,0.12531574,0.16621196,0.011089635,0.075962678,0.049651757,0.013785018,0.015950568,0.22669534,0.31533727
20170718-131826-2.jpg,7,8,0.13467768,0.051719483,0.0082569029,0.066031799,0.061145134,0.013140095,0.020965198,0.29112351,0.3529402
20170718-131839-2.jpg,0,4,0.024645394,0.017342586,0.040296838,0.24148108,0.44662988,0.0098748272,0.0060315733,0.029656207,0.18404163
20170718-131902-2.jpg,7,4,0.01856944,0.0093612401,0.047473494,0.1462463,0.43770498,0.017700346,0.010045015,0.029209003,0.28369009
20170718-132125-2.jpg,7,8,0.030029202,0.032803319,0.030008283,0.18180674,0.23336034,0.021495562,0.028974321,0.05357866,0.38794357
20170718-132237-2.jpg,7,8,0.050559841,0.10408378,0.0079287132,0.1363456,0.090759791,0.048391603,0.0092904419,0.086888894,0.46575132
20170718-132309-2.jpg,7,4,0.025046011,0.012061677,0.011547091,0.16270383,0.6323086,0.0033899727,0.0043794727,0.036929432,0.11163386
20170718-132313-2.jpg,7,8,0.016294463,0.038247265,0.050024502,0.13315289,0.19318803,0.039155278,0.046744339,0.028694082,0.4544991
20170718-132334-2.jpg,7,7,0.09143278,0.075269498,0.024551155,0.12721679,0.16451871,0.053379998,0.013143631,0.2601904,0.19029707
20170718-132405-2.jpg,7,8,0.079315946,0.063324831,0.037969347,0.072731003,0.23430014,0.016007101,0.039605599,0.12494154,0.33180451
20170718-132704-2.jpg,7,8,0.043266688,0.0098244827,0.02440685,0.10211065,0.064114153,0.0089167468,0.019553451,0.044269811,0.68353713
20170718-132718-2.jpg,7,8,0.062519073,0.085918911,0.037753418,0.095811076,0.16726796,0.0044128294,0.099150889,0.10181715,0.34534875
20170718-132748-2.jpg,7,8,0.22724757,0.061427239,0.0070572691,0.069188878,0.023277652,0.02938688,0.0036701213,0.2853435,0.29340088
20170718-132839-2.jpg,7,7,0.082627147,0.1955553,0.014398688,0.13291526,0.11128281,0.01217118,0.02552931,0.27068168,0.15483867
20170718-133027-2.jpg,7,8,0.060695786,0.031687982,0.015771002,0.17032948,0.20393163,0.013222965,0.0074353474,0.1204429,0.37648287
20170718-133254-2.jpg,7,8,0.12679765,0.058700565,0.017067052,0.070042059,0.067969099,0.033859108,0.028070251,0.2931698,0.30432436
20170718-133305-2.jpg,7,4,0.033845466,0.015685892,0.10776933,0.20084843,0.30457419,0.035311468,0.015256171,0.054686651,0.23202235
20170718-133407-2.jpg,7,8,0.068239711,0.012959382,0.0061732838,0.12413722,0.039895542,0.025209541,0.0046878532,0.094730124,0.62396735
20170718-133419-2.jpg,7,8,0.21758196,0.032346353,0.0071863919,0.055915009,0.023731699,0.055666555,0.0038041084,0.20532387,0.39844409
20170718-133537-2.jpg,0,8,0.027505312,0.014919654,0.018381376,0.040821131,0.021895342,0.0071127811,0.014890002,0.029745447,0.82472891
20170718-133734-2.jpg,7,8,0.051676955,0.041070756,0.093490839,0.046073776,0.08496213,0.0084514953,0.065485492,0.13618585,0.47260264
20170718-133742-2.jpg,7,7,0.17137355,0.035439279,0.0072307056,0.028879931,0.031555086,0.026815329,0.0097784838,0.39547855,0.29344913
20170718-133830-2.jpg,7,8,0.072505653,0.14317727,0.019421007,0.14082971,0.19032286,0.0062956833,0.045887016,0.18216172,0.19939901
20170721-114822-1.jpg,0,0,0.26953137,0.10882813,0.003512026,0.019727217,0.004085084,0.11613076,0.016434059,0.1962539,0.26549748
20170727-111533-3.jpg,4,4,0.0050326427,0.0012940792,0.38032812,0.058698174,0.41086203,0.0079954108,0.0050820177,0.0047366004,0.12597089
20170727-111920-1.jpg,4,2,0.0078954203,0.0021778997,0.66747731,0.02377923,0.15697451,0.013964451,0.018610805,0.0049942993,0.10412604
20170727-111953-1.jpg,4,8,0.0094327033,0.0018005033,0.35221022,0.020843171,0.16538049,0.016998116,0.031180151,0.0047397516,0.39741489
20170727-112019-3.jpg,4,2,0.0061883265,0.0033329339,0.74210852,0.026587931,0.11780087,0.031759959,0.015500653,0.0034309842,0.05328973
20170727-112226-3.jpg,4,4,0.032577328,0.0098855374,0.037125953,0.04949664,0.50477231,0.0093734786,0.011299903,0.042950623,0.30251819
20170727-112933-3.jpg,4,4,0.0043153819,0.0012870223,0.2422417,0.083758205,0.571226,0.01810975,0.0023760474,0.0040109572,0.07267487
20170727-113127-1.jpg,4,2,0.0063330736,0.0088592228,0.51209277,0.043997679,0.11795446,0.022992479,0.076318488,0.0064260783,0.20502573
20170727-113228-3.jpg,4,2,0.0039840722,0.0031720006,0.53169525,0.043073002,0.29836023,0.018487953,0.0057231323,0.0051833889,0.090320952
20170727-113243-1.jpg,4,2,0.0020207069,0.00079717144,0.86763853,0.016022116,0.036117792,0.0029636284,0.0087399241,0.0020985922,0.063601501
20170727-113251-3.jpg,4,4,0.0091127232,0.0041160472,0.1337627,0.11002533,0.60418028,0.0069574448,0.0082286987,0.0094906921,0.11412612
20170727-113341-1.jpg,4,2,0.012615311,0.0068240096,0.32992959,0.04256675,0.24950145,0.021440705,0.041967198,0.018443365,0.27671161
20170727-113709-1.jpg,4,4,0.025238236,0.02482618,0.26056296,0.10107367,0.27687368,0.117501,0.04533289,0.018471671,0.13011973
20170727-113915-3.jpg,4,4,0.020292135,0.0085786544,0.12745535,0.060669556,0.38445455,0.042480867,0.022167256,0.01877242,0.31512919
20170727-113933-1.jpg,4,2,0.0034460665,0.0021720189,0.75798184,0.032707606,0.11673227,0.018838847,0.0060915248,0.0037266943,0.058303062
20170727-114747-3.jpg,4,4,0.0071141268,0.0018242975,0.2425268,0.093832865,0.51726502,0.01080077,0.005454395,0.0052687889,0.11591295
20170727-114819-3.jpg,4,4,0.015500076,0.0077899336,0.26355568,0.09732987,0.4093655,0.039758686,0.02046359,0.011218459,0.13501827
20170727-115911-3.jpg,4,2,0.002611879,0.0013791372,0.43770456,0.070294209,0.22885922,0.0066473717,0.0071667149,0.003838961,0.24149792
20170727-120008-3.jpg,4,4,0.0084716659,0.0040710154,0.079679728,0.066303939,0.74990171,0.011571695,0.0061055077,0.010636318,0.063258417
20170727-120834-3.jpg,4,4,0.0062065092,0.0027636236,0.13192187,0.082516029,0.7098369,0.0049409275,0.0046277796,0.011168808,0.046017602
20170727-121854-3.jpg,4,8,0.023456383,0.012278845,0.082795613,0.13330339,0.26873484,0.06663955,0.019737827,0.019945338,0.37310812
20170727-124737-3.jpg,4,4,0.0048463303,0.0012567375,0.077323243,0.10604884,0.76544452,0.0019987614,0.0019275571,0.0073355795,0.03381842
20170727-124937-3.jpg,4,4,0.0041091242,0.0014685828,0.17978442,0.12692477,0.57028955,0.0020550403,0.0027545241,0.0056408159,0.10697321
20170727-125357-1.jpg,4,4,0.014544638,0.0038937319,0.079987541,0.085859142,0.62496114,0.0090476135,0.0059986222,0.022188745,0.15351874
20170727-125452-1.jpg,4,4,0.0082079181,0.002041613,0.10626128,0.1172855,0.40951458,0.0066010971,0.0021857067,0.0090620397,0.33884022
20170727-125931-1.jpg,4,4,0.011543515,0.0041498714,0.27055901,0.10644878,0.45543572,0.0044853305,0.011177031,0.016728004,0.11947266
20170727-130315-1.jpg,4,4,0.009669058,0.0022878451,0.26908273,0.042513467,0.58976883,0.0058057709,0.009155239,0.010097162,0.061619844
20170727-130445-1.jpg,4,4,0.0094943997,0.0028525481,0.13222347,0.085281409,0.5313431,0.015260242,0.012142502,0.0084825866,0.20291972
20170727-134601-1.jpg,4,4,0.020055003,0.0059053116,0.058540668,0.18648022,0.3949039,0.013726531,0.0048427219,0.02022416,0.29532152
20170727-134721-1.jpg,4,4,0.003868269,0.00083404494,0.21187186,0.12817422,0.59997493,0.0046725385,0.0019810789,0.0035322984,0.045090728
20170727-135548-1.jpg,4,4,0.039396949,0.012299159,0.011870123,0.37198779,0.37215719,0.011610375,0.0017827649,0.032689668,0.14620598
20170727-140315-1.jpg,4,4,0.0025069304,0.0017143518,0.19159296,0.11055799,0.61706465,0.0021541531,0.0023808866,0.0035642423,0.068463899
20170727-140408-1.jpg,4,4,0.0033857352,0.0011775992,0.041936416,0.094000809,0.82419324,0.0028873163,0.00072207383,0.0042068097,0.027490057
20170727-140437-1.jpg,4,4,0.0047547966,0.0030611977,0.058089942,0.095556997,0.77175254,0.0021207859,0.002319755,0.0076235547,0.054720446
20170727-140450-1.jpg,4,4,0.0022581937,0.0015630136,0.043666605,0.17160317,0.55427396,0.0013720955,0.0027175008,0.0035980495,0.21894744
20170727-140518-1.jpg,4,4,0.013054485,0.0044456371,0.036066681,0.16784118,0.63220328,0.015076144,0.0028079278,0.015206455,0.11329819
20170727-142920-1.jpg,4,2,0.023510726,0.0089061214,0.49194226,0.050509337,0.28966153,0.032215901,0.011021613,0.01806627,0.07416629
20170727-143021-1.jpg,4,4,0.010839802,0.0029475023,0.059493754,0.13801113,0.70434207,0.0065237014,0.0016927011,0.014294628,0.06185469
20170727-143034-1.jpg,4,2,0.0046289125,0.0028264218,0.55871195,0.036210045,0.30368027,0.019703971,0.011607118,0.006177952,0.056453295
20170727-143410-1.jpg,4,4,0.01092155,0.0055959192,0.050946981,0.14534143,0.67416239,0.012080987,0.0042305645,0.013905637,0.082814582
20170727-143556-3.jpg,4,4,0.009575028,0.0044400673,0.036820166,0.20113474,0.61540979,0.0064030425,0.0027093487,0.01279386,0.11071403
20170727-143656-1.jpg,4,4,0.00529201,0.0053367238,0.054219402,0.096411921,0.72726226,0.0072123008,0.0042301049,0.0085572591,0.091478027
20170727-143957-1.jpg,4,4,0.088556148,0.04772139,0.057792582,0.14138602,0.26765352,0.15901309,0.0093302447,0.079891816,0.14865521
20170727-144038-1.jpg,4,2,0.010947385,0.0026191694,0.41554925,0.051320247,0.39642376,0.017019896,0.0050032772,0.0099157812,0.091201283
20170727-144243-1.jpg,4,2,0.0021795661,0.00060034206,0.44510069,0.054398552,0.33815044,0.0028020751,0.0080697956,0.0031693692,0.14552918
20170727-144321-1.jpg,4,4,0.0050464161,0.002442894,0.20951965,0.062407903,0.6675117,0.0048393183,0.0041145897,0.007495557,0.036621943
20170727-144335-1.jpg,4,4,0.025763836,0.010710623,0.072869934,0.16107084,0.50247377,0.023010757,0.0087917289,0.028085493,0.16722304
20170727-144542-1.jpg,4,2,0.011093482,0.0063530337,0.37362093,0.094932355,0.24333708,0.079161942,0.0090705911,0.0089534,0.17347714
20170727-144650-1.jpg,4,2,0.030120771,0.039918248,0.30382556,0.096349105,0.23672645,0.047889072,0.041327853,0.035582904,0.16825999
20170727-144751-1.jpg,4,8,0.040737536,0.060882214,0.033358011,0.1820399,0.27927658,0.036353406,0.014890483,0.072749823,0.27971208
20170727-145342-3.jpg,4,4,0.019284738,0.019079516,0.072220892,0.17849737,0.44741666,0.020627646,0.012748085,0.030313926,0.19981119
20170727-145620-3.jpg,4,4,0.0053373971,0.0017254603,0.023920013,0.050844982,0.8588174,0.0028977043,0.000940383,0.0046476107,0.050869029
20170727-145939-3.jpg,4,4,0.0050627594,0.0021926963,0.29102114,0.10170601,0.50458598,0.0056391857,0.0055354675,0.0073386687,0.076918118
20170727-150126-3.jpg,4,4,0.0061327228,0.0052038413,0.33779779,0.095522918,0.44111118,0.0097167734,0.012225147,0.0086685251,0.083621025
20170727-151236-3.jpg,4,4,0.0058751758,0.0031412088,0.050266773,0.13371494,0.66212541,0.0029362112,0.0020903412,0.009229348,0.1306206
20170727-151447-1.jpg,4,8,0.014849151,0.0041372208,0.36404192,0.068992183,0.11834025,0.023674842,0.018301351,0.011822186,0.37584084
20170727-151835-1.jpg,4,4,0.0082223369,0.0032686784,0.22665168,0.075187922,0.52668494,0.0087694004,0.013162176,0.010329751,0.12772317
20170727-151903-1.jpg,4,4,0.0055630067,0.0029397404,0.088514321,0.1006832,0.62463444,0.0035322448,0.0033782893,0.0080350023,0.16271974
20170727-152421-3.jpg,4,4,0.0060730916,0.0020932644,0.29633385,0.10766844,0.38595501,0.0048958752,0.0064529357,0.0096603148,0.18086717
20170727-152712-1.jpg,8,4,0.0085523324,0.0035691229,0.18761218,0.075737521,0.56274021,0.011778957,0.0095423721,0.010069809,0.13039745
20170727-152802-1.jpg,4,4,0.0034419838,0.0013036038,0.045324359,0.064699031,0.84234375,0.002361045,0.0021803635,0.0032913638,0.035054579
20170727-152854-3.jpg,4,4,0.0078828884,0.0034431729,0.14721787,0.24070303,0.41265449,0.004697728,0.0054682172,0.017203802,0.1607288
20170727-153037-3.jpg,4,4,0.0046842908,0.0017736427,0.2469549,0.053377442,0.61151564,0.0061796862,0.0070291641,0.0044588116,0.064026408
20170727-154345-1.jpg,4,4,0.0033590717,0.00058979943,0.023183327,0.046082459,0.89692956,0.0020302134,0.00054646248,0.0025247103,0.024754394
20170727-154701-1.jpg,4,4,0.021869253,0.0081590367,0.23098572,0.070019461,0.3397103,0.015993321,0.036021244,0.022596139,0.25464553
20170727-154716-1.jpg,4,2,0.0091420766,0.0041618147,0.37923875,0.049717221,0.30428424,0.0071428372,0.012084275,0.011808397,0.22242038
20170727-154759-1.jpg,4,2,0.0054296935,0.0015818618,0.53429222,0.086750828,0.21065401,0.0036255924,0.0054960335,0.0060438593,0.14612588
20170727-154853-1.jpg,4,4,0.0035260771,0.0025136322,0.38576719,0.077830754,0.40475899,0.0039080475,0.01359591,0.0077889119,0.1003105
20170727-155302-1.jpg,4,4,0.0050833118,0.0019265328,0.16872543,0.12659913,0.57911497,0.0042877216,0.00359168,0.010194605,0.10047662
20170727-155407-1.jpg,4,4,0.0084745828,0.0053684176,0.050640523,0.12495126,0.68672347,0.0037268735,0.0026185422,0.010334804,0.10716163
20170727-155439-1.jpg,4,4,0.01349826,0.0041012084,0.10549489,0.10134915,0.57527602,0.012288162,0.0090538925,0.01664797,0.16229045
20170727-155712-1.jpg,4,4,0.0041333162,0.0017180346,0.11407894,0.12194402,0.69055456,0.0029219037,0.0026429796,0.0067934031,0.055212848
20170727-162148-1.jpg,4,4,0.002675337,0.0014726217,0.026046006,0.095960818,0.79314697,0.0024367131,0.0017639217,0.0038434563,0.072654143
20170727-162309-1.jpg,4,4,0.0053347019,0.0013902433,0.12532458,0.087347716,0.71657199,0.0019345559,0.0025519487,0.0072135408,0.052330814
20170727-162326-1.jpg,4,4,0.0026555406,0.00046082475,0.0196865,0.082620069,0.86011297,0.0013602021,0.00063732121,0.0030163089,0.029450132
20170727-162512-1.jpg,4,4,0.0036258367,0.0011769279,0.010783108,0.16607323,0.59545833,0.0037451454,0.00070062641,0.003298874,0.21513788
20170727-162807-1.jpg,4,4,0.0017843159,0.00038257087,0.028264387,0.06112209,0.87574607,0.0012104538,0.00099959888,0.0021833102,0.028307203
20170727-162936-2.jpg,4,4,0.01303755,0.014089426,0.041909985,0.22088829,0.5837093,0.0094113229,0.005066684,0.022402693,0.089484736
20170727-163038-1.jpg,4,4,0.0020122821,0.00054420269,0.019334856,0.06541983,0.87915933,0.0006759626,0.00084798771,0.0030624866,0.028943058
20170727-163124-1.jpg,4,4,0.0040761884,0.0010773081,0.030490519,0.055246767,0.87118316,0.0020725119,0.00071727851,0.0048388285,0.030297391
20170727-163217-1.jpg,4,4,0.010657054,0.0028153812,0.048783932,0.11377336,0.71430272,0.0051275766,0.0019956636,0.011317804,0.091226555
20170727-163932-3.jpg,4,8,0.019786485,0.0037784537,0.091246709,0.077136137,0.047062062,0.027256245,0.0081141265,0.017847881,0.70777196
20170727-164100-3.jpg,4,4,0.0072946316,0.0036740364,0.053208813,0.14474447,0.66949421,0.0029840008,0.0030820179,0.0073621045,0.10815573
20170727-164126-1.jpg,4,4,0.0027362998,0.00063287257,0.012696308,0.089239046,0.86691278,0.00083242392,0.00034810021,0.0025798988,0.024022231
20170727-164539-1.jpg,4,4,0.014598038,0.0042900885,0.02374291,0.27209184,0.61921144,0.0035284932,0.00084146392,0.014155871,0.047539834
20170727-164606-3.jpg,4,4,0.018161589,0.0072555728,0.071968332,0.17473648,0.38650247,0.011236444,0.0094410554,0.022115229,0.29858282
20170727-165128-1.jpg,4,4,0.0043663643,0.002727587,0.028326819,0.16141047,0.65734631,0.0029309129,0.0013572871,0.0065111518,0.13502307
20170727-165148-1.jpg,4,4,0.0096808607,0.0049585863,0.057936475,0.13389316,0.74066395,0.0034027009,0.0021922314,0.016287373,0.030984746
20170727-165320-1.jpg,4,4,0.0076170946,0.0012548181,0.046820492,0.050623879,0.81959611,0.0068433722,0.0021678151,0.0055043921,0.059572048
20170727-165353-1.jpg,4,4,0.0042977803,0.0015864617,0.14559641,0.14159144,0.60131031,0.002071433,0.0018389338,0.005596533,0.096110649
20170727-165420-1.jpg,4,4,0.0019127942,0.00045663241,0.044908505,0.029692229,0.90081054,0.00082666043,0.00084474264,0.0022064431,0.018341495
20170727-165715-1.jpg,4,4,0.0082207946,0.0039361026,0.015053472,0.23572014,0.65265334,0.0021555333,0.00096868561,0.012486526,0.068805456
20170727-165826-1.jpg,4,4,0.0019867248,0.00077654241,0.14799376,0.080144376,0.69084704,0.001910243,0.0018786503,0.002885856,0.071576811
20170727-165942-3.jpg,4,4,0.011839655,0.008468152,0.033652343,0.12923568,0.71354544,0.0042584995,0.0037570123,0.026121477,0.069121681
20170727-170035-1.jpg,4,4,0.0012361233,0.00033631982,0.015886033,0.057713836,0.85813302,0.00057280023,0.00078264065,0.0019061664,0.063433111
20170727-170217-1.jpg,4,4,0.002093741,0.0006997601,0.024944875,0.094940558,0.81069195,0.0015409564,0.00098186231,0.0026025809,0.061503705
20170727-170606-1.jpg,4,4,0.0084049292,0.0030568975,0.054180898,0.14287987,0.69906348,0.001683425,0.0012816128,0.011915404,0.077533461
20170727-170702-1.jpg,4,4,0.0043088752,0.0015614108,0.054285448,0.099178895,0.70081574,0.0011662929,0.0025595578,0.0056575555,0.13046628
20170727-170909-1.jpg,4,4,0.0026160562,0.00057148177,0.035137892,0.061596204,0.85901952,0.0010459191,0.00050271122,0.003119136,0.036391016
20170727-170947-1.jpg,4,4,0.03914706,0.015609536,0.089596763,0.27573729,0.28147617,0.014175732,0.008638436,0.041611552,0.23400742
20170727-171042-1.jpg,4,4,0.007841818,0.0023147345,0.23862442,0.069824755,0.48564449,0.0053244298,0.012074769,0.0076112491,0.17073937
20170727-171052-3.jpg,4,4,0.016705664,0.0020762973,0.037917908,0.07652697,0.74088645,0.0088201612,0.0022826989,0.013206695,0.10157724
20170727-171203-1.jpg,4,4,0.010733861,0.0027412896,0.028476978,0.18167557,0.65730965,0.0022720192,0.00179534,0.014865017,0.10013027
20170727-171322-1.jpg,4,4,0.013479249,0.0035319652,0.048423305,0.096119784,0.49493596,0.0043262593,0.003969253,0.0189058,0.31630844
20170727-171430-1.jpg,4,4,0.022749769,0.0062314151,0.043471746,0.26947573,0.52846366,0.0039996086,0.002584842,0.032606144,0.090417065
20170727-171559-1.jpg,4,4,0.0090239178,0.007650557,0.041982338,0.21155789,0.64832789,0.0041341758,0.0039373166,0.016307766,0.057078183
20170727-171653-3.jpg,4,4,0.010211104,0.0035354721,0.1348034,0.10039095,0.66452527,0.005757086,0.0045020599,0.012377938,0.063896708
20170727-171857-1.jpg,4,4,0.0095143402,0.0018428029,0.023151288,0.20700561,0.59924161,0.0022304957,0.0017909105,0.013461854,0.14176117
20170727-171924-1.jpg,4,4,0.018032473,0.0085447691,0.11143872,0.11196156,0.53088987,0.0074429079,0.010914636,0.026053438,0.17472161
20170727-172031-1.jpg,4,4,0.012314345,0.010190741,0.13813987,0.14899188,0.4327901,0.011849052,0.012265409,0.011007612,0.22245094
20170728-115256-1.jpg,4,4,0.003676889,0.0015462147,0.043862518,0.062255245,0.85776597,0.0030546603,0.0014472984,0.0043211053,0.022070091
20170728-120134-2.jpg,4,4,0.0024691229,0.00096886908,0.028973715,0.07480114,0.83126932,0.003559184,0.0012207888,0.0027350124,0.054002788
20170728-120147-2.jpg,4,4,0.0034009251,0.00098413113,0.022967409,0.048574049,0.9001236,0.0030556107,0.0010073336,0.0029934279,0.016893564
20170728-120324-2.jpg,4,4,0.0035493395,0.0025394873,0.061417226,0.20722692,0.54827982,0.0081250807,0.0022620026,0.0040841796,0.16251595
20170728-120435-2.jpg,4,4,0.0019427588,0.0010568757,0.0094211241,0.024841955,0.90731251,0.0021265189,0.00095918198,0.0016367433,0.050702263
20170728-120548-2.jpg,4,4,0.0018809685,0.00050151697,0.064088963,0.035271361,0.77861708,0.0021782797,0.0017081191,0.0010864995,0.11466732
20170728-120919-2.jpg,4,4,0.011224709,0.0044040279,0.18696512,0.098591268,0.50288004,0.0080215205,0.010122459,0.014676818,0.16311404
20170728-121259-3.jpg,4,4,0.010307367,0.0042266049,0.061802063,0.069633529,0.75187707,0.014416698,0.0019512633,0.011231694,0.07455378
20170728-121334-2.jpg,4,4,0.011291772,0.0036048088,0.066669859,0.07595484,0.72026461,0.0081699332,0.0032754724,0.012328528,0.098440103
20170728-121353-2.jpg,4,8,0.0090371873,0.0031408777,0.081133403,0.081247844,0.29305297,0.0098619582,0.012811073,0.0087028481,0.50101179
20170728-121648-2.jpg,4,4,0.0017941379,0.00058936205,0.02902331,0.051152918,0.88937271,0.0011948629,0.00052654557,0.0019735566,0.024372688
20170728-121857-2.jpg,4,4,0.0013002579,0.00047976922,0.099464215,0.075815208,0.69961375,0.0012974832,0.0024314867,0.0011166438,0.11848121
20170728-121913-2.jpg,4,4,0.016419623,0.0045012143,0.19416144,0.070294566,0.55350947,0.019150587,0.0096856374,0.01184253,0.12043493
20170728-121913-3.jpg,4,8,0.0096572535,0.0029998214,0.25162506,0.028070711,0.30903408,0.026243616,0.035883237,0.0052607474,0.33122545
20170728-122027-2.jpg,4,4,0.0053130351,0.002135603,0.031701401,0.14265607,0.74183732,0.0030150139,0.0012632989,0.0064063664,0.065671861
20170728-122338-2.jpg,4,4,0.014096797,0.0089254109,0.034590982,0.11625858,0.70221514,0.01017803,0.0034083566,0.018985203,0.091341481
20170728-122512-2.jpg,4,4,0.012224145,0.005324394,0.056064591,0.11023241,0.58558983,0.015902361,0.013604123,0.016904151,0.184154
20170728-122617-2.jpg,4,4,0.011491637,0.0050415983,0.071950525,0.18293935,0.49958947,0.0085013993,0.0039866958,0.0070161666,0.20948312
20170728-122757-2.jpg,4,4,0.0031517134,0.00073949236,0.03465097,0.068707429,0.856924,0.0044477428,0.00055229827,0.002210293,0.028615983
20170728-123215-3.jpg,4,4,0.0091992328,0.0024115057,0.045017205,0.042950265,0.85824329,0.006879231,0.0019812111,0.0089224717,0.024395647
20170728-123405-3.jpg,4,4,0.019123144,0.0045261267,0.1028353,0.059125476,0.46246734,0.016533792,0.018925497,0.02129896,0.29516432
20170728-124020-2.jpg,4,4,0.0031812198,0.0018919796,0.015894892,0.16256656,0.73750681,0.0020220291,0.0018176348,0.0043364135,0.070782535
20170728-124431-3.jpg,4,4,0.0040396815,0.0013309735,0.033984121,0.084417664,0.75403708,0.0071746595,0.0048281956,0.0041489145,0.10603862
20170728-124451-2.jpg,4,4,0.0039161504,0.0021159903,0.056160446,0.078440897,0.77582759,0.0033660498,0.0017647196,0.0037076804,0.074700437
20170728-124749-2.jpg,4,4,0.0031391871,0.00087919645,0.01197449,0.078253321,0.85947603,0.0021503791,0.00043752391,0.0035884199,0.040101506
20170728-124932-2.jpg,4,4,0.0030014205,0.00076043844,0.010825226,0.15717611,0.79857826,0.0011387146,0.0003643927,0.0027405822,0.025414845
20170728-125031-2.jpg,4,4,0.0017619729,0.00054195803,0.040697087,0.1388319,0.75307578,0.00066658604,0.0014302474,0.0020852936,0.060909268
20170728-125143-2.jpg,4,4,0.015198893,0.003651683,0.039365012,0.3129831,0.54555196,0.0057846247,0.002756377,0.014299697,0.060408592
20170728-125356-2.jpg,4,4,0.015706861,0.0040523363,0.16005033,0.055861492,0.62230891,0.010086761,0.0071265367,0.011773156,0.11303364
20170728-125619-3.jpg,4,4,0.0056191175,0.001571789,0.025469182,0.1149142,0.81709039,0.0021532793,0.00045914215,0.0045865136,0.028136389
20170728-125632-2.jpg,4,4,0.018895574,0.0076009235,0.077537432,0.10427227,0.47512779,0.049282707,0.02406352,0.016825374,0.22639447
20170728-125810-3.jpg,4,4,0.016196238,0.01489854,0.033120655,0.33587798,0.40621811,0.0069533912,0.0032207638,0.013575949,0.16993831
20170728-145733-1.jpg,4,4,0.0092397276,0.0018121536,0.25391084,0.033830125,0.52479208,0.015046237,0.019018404,0.0055008801,0.13684954
20170728-150105-1.jpg,4,4,0.025968716,0.0054072114,0.078713194,0.04060835,0.74305433,0.022302795,0.0058608586,0.016685423,0.061399139
20170728-150132-1.jpg,4,4,0.011026872,0.0017263436,0.075774483,0.029341472,0.7979933,0.0062133968,0.0026785836,0.007964354,0.067281149
20170728-150148-1.jpg,4,4,0.0090777455,0.0012698922,0.071018428,0.053552266,0.66065466,0.0071664848,0.003198955,0.0049272003,0.18913439
20170728-150426-3.jpg,8,4,0.016058872,0.0071195839,0.053065587,0.11019319,0.67879498,0.012560627,0.0031797569,0.014120214,0.10490721
20170728-151413-1.jpg,8,4,0.012496543,0.0049000331,0.10113326,0.14605415,0.57868302,0.012640377,0.0054030004,0.012618022,0.12607166
20170728-151512-1.jpg,4,4,0.004634046,0.0008552603,0.069515757,0.060625859,0.82821822,0.0033798197,0.0011082789,0.0046777832,0.026984956
20170728-152054-1.jpg,8,4,0.002497487,0.00060783053,0.041065741,0.025751822,0.90636009,0.0014881685,0.0015171097,0.0027876175,0.017924296
20170728-152111-3.jpg,8,4,0.022768261,0.01543905,0.034363545,0.22117826,0.5459578,0.014565015,0.0063594636,0.022004263,0.1173643
20170728-152608-1.jpg,8,4,0.003666627,0.000826156,0.34322807,0.059368536,0.51793212,0.0028228068,0.0021880653,0.0034737431,0.066493869
20170728-152828-1.jpg,8,2,0.0019923099,0.00055813644,0.49021134,0.08916977,0.30330002,0.0031507402,0.007041621,0.0022742404,0.1023018
20170728-152836-2.jpg,4,4,0.0016897389,0.00048247149,0.019245552,0.031493515,0.93161136,0.0011150092,0.00031868776,0.0018263255,0.012217274
20170728-152926-3.jpg,8,4,0.027156182,0.0069449781,0.18234387,0.093564875,0.45325747,0.067017525,0.0099179046,0.01876894,0.14102826
20170728-152937-1.jpg,4,2,0.004275017,0.0039141229,0.67250007,0.034352198,0.15187086,0.018664157,0.022705169,0.0040456234,0.087672785
20170728-153202-3.jpg,8,4,0.0091618206,0.0022525517,0.062042423,0.08691819,0.65631068,0.015024589,0.0062337201,0.0073710317,0.15468502
20170728-153206-1.jpg,8,4,0.020335048,0.01190984,0.04738785,0.086464658,0.43395299,0.074683063,0.031496089,0.014070123,0.27970034
20170728-153227-1.jpg,4,4,0.0041232286,0.001389631,0.052700043,0.055000398,0.81816357,0.0027601121,0.0031333291,0.003934992,0.058794707
20170728-153235-3.jpg,8,4,0.01187817,0.0042467942,0.10280739,0.088722236,0.63316137,0.013916958,0.014410911,0.01051796,0.12033817
20170728-153353-1.jpg,4,4,0.0055524274,0.0021941739,0.015629487,0.099501871,0.83779097,0.0053103645,0.00065983576,0.0048476285,0.028513333
20170728-153508-1.jpg,4,4,0.0044609471,0.0025093483,0.16008893,0.089089997,0.50344735,0.014339158,0.0096734064,0.003726271,0.21266459
20170728-153614-1.jpg,8,4,0.02068257,0.016976507,0.014758674,0.11625881,0.60582161,0.01172231,0.0054197675,0.026434289,0.18192549
20170728-153615-3.jpg,8,4,0.012396602,0.0029353544,0.14500453,0.071262009,0.49148068,0.0040571913,0.01065308,0.013652351,0.24855818
20170728-154205-1.jpg,4,4,0.0026820346,0.00055555161,0.021439075,0.043781117,0.90951115,0.0014526469,0.0002661249,0.0019031037,0.018409234
20170728-155152-1.jpg,4,4,0.012234772,0.0039488091,0.12299924,0.10508262,0.66219729,0.010612488,0.0050931247,0.010088447,0.067743249
20170729-085836-3.jpg,4,4,0.010417283,0.0038173366,0.16006979,0.20974804,0.44259965,0.0053990344,0.008047347,0.011808306,0.14809319
20170729-090140-1.jpg,4,4,0.0078403251,0.0041176756,0.086439446,0.1008299,0.61556703,0.0031080956,0.0061597633,0.015613745,0.16032411
20170729-090158-1.jpg,4,4,0.0077326982,0.0051092077,0.18305101,0.097563647,0.59066725,0.0047839321,0.010236646,0.019276563,0.081579104
20170729-090346-1.jpg,4,4,0.0089938911,0.0015414726,0.19938049,0.10605682,0.51768494,0.0025757563,0.0032364766,0.01245645,0.14807373
20170729-090435-2.jpg,4,4,0.020326452,0.011705623,0.054306507,0.14992221,0.60341275,0.018347602,0.010439529,0.036418393,0.095120952
20170729-090707-1.jpg,4,4,0.017265435,0.0040287427,0.080158859,0.11395656,0.49850756,0.013093806,0.010402861,0.017119924,0.24546629
20170729-091105-2.jpg,4,4,0.0043240357,0.0015527806,0.17628793,0.083647296,0.6906262,0.0030950876,0.0023970781,0.0054524238,0.032617193
20170729-091143-1.jpg,4,4,0.01976688,0.021313455,0.06388738,0.17561305,0.46083778,0.0037939248,0.018651111,0.034428939,0.20170742
20170729-091739-1.jpg,4,4,0.010677091,0.0053630136,0.036317594,0.29141712,0.54102904,0.0035671273,0.0023713452,0.011216938,0.0980407
20170729-091822-2.jpg,8,4,0.0094702533,0.0027246119,0.033675414,0.12874134,0.7212165,0.0048925388,0.0016811279,0.010188012,0.087410212
20170729-091924-2.jpg,4,4,0.015109517,0.0044660005,0.025742298,0.17069574,0.68204647,0.0073466403,0.0015570869,0.015438482,0.077597775
20170729-092115-1.jpg,4,4,0.0034546831,0.0013267443,0.082059927,0.089934841,0.78568375,0.0055229533,0.0016502391,0.0042391126,0.026127696
20170729-092200-2.jpg,4,4,0.0052845152,0.0018218958,0.038809653,0.1716014,0.63436502,0.0025834818,0.00089565391,0.0062703127,0.13836804
20170729-092240-1.jpg,4,4,0.0057668244,0.0012364443,0.028206687,0.17269838,0.69019914,0.0021867738,0.00077918527,0.0078279758,0.09109851
20170729-092331-2.jpg,4,4,0.0077480851,0.0026603173,0.027223995,0.075288512,0.81172985,0.0039943373,0.0023572824,0.012140455,0.056857221
20170729-092410-1.jpg,4,4,0.010558301,0.005321994,0.035820872,0.19915712,0.68888509,0.0037001318,0.0019443906,0.01402665,0.040585421
20170729-092628-1.jpg,4,4,0.0080706561,0.0036100852,0.098583512,0.1872317,0.54637861,0.010967679,0.0032848355,0.010193,0.13167992
20170729-092646-2.jpg,4,4,0.0057772696,0.0021981839,0.044242453,0.090718754,0.80943799,0.002502301,0.0020439345,0.010197919,0.032881141
20170729-092929-2.jpg,4,4,0.0090858033,0.0035999536,0.061617445,0.14627868,0.64109594,0.002819543,0.0045866542,0.012752554,0.11816345
20170729-093106-1.jpg,4,4,0.044350918,0.012334787,0.051982354,0.19446251,0.39212075,0.027996026,0.0087756459,0.069056392,0.19892055
20170729-093144-3.jpg,4,4,0.013891468,0.005832599,0.043895714,0.18605435,0.50665295,0.012930166,0.0025726168,0.018049493,0.21012066
20170729-093155-1.jpg,4,4,0.012885445,0.0028172825,0.046985887,0.10235894,0.67498779,0.0071542053,0.0052458076,0.013631982,0.13393261
20170729-093227-2.jpg,4,4,0.012999798,0.0022963358,0.080467328,0.1702483,0.56135571,0.0030868086,0.0012794819,0.01520749,0.15305875
20170729-093609-2.jpg,4,4,0.0051233778,0.0017845574,0.039404631,0.074110694,0.83330375,0.0031099613,0.00088625489,0.0065716943,0.035705123
20170729-153336-3.jpg,4,2,0.020737823,0.010411311,0.51574618,0.068531178,0.23626299,0.025034789,0.013787213,0.026852893,0.082635693
20170729-153504-3.jpg,4,4,0.0038291318,0.00071851193,0.26436308,0.072446942,0.59798193,0.0017742158,0.0021862234,0.0045660492,0.052133959
20170729-154012-3.jpg,4,4,0.011314719,0.0036340745,0.011934136,0.24053816,0.55766952,0.00337094,0.0021116845,0.0092034694,0.16022329
20170729-154032-3.jpg,4,4,0.010265675,0.0041217194,0.25296116,0.18337576,0.47861415,0.0092371516,0.0053448486,0.0091417758,0.046937749
20170729-154231-3.jpg,4,4,0.013120539,0.011622346,0.10795338,0.083271943,0.3912957,0.0050877146,0.039593436,0.031266462,0.31678852
20170729-154255-3.jpg,4,4,0.009107938,0.0023418576,0.12647304,0.12907112,0.53889465,0.0089445394,0.0050094384,0.0098591829,0.17029817
20170729-154609-3.jpg,4,4,0.010959876,0.013158952,0.1010429,0.12808356,0.45243764,0.0080289384,0.023368444,0.0092070848,0.25371265
20170729-154654-3.jpg,4,4,0.0073867952,0.0028194464,0.0069803265,0.12937817,0.60990483,0.0013917789,0.0014748356,0.0072260541,0.23343778
20170803-131649-1.jpg,0,0,0.31060266,0.13702032,0.0018746846,0.011657374,0.0065023298,0.092203073,0.028913399,0.17472145,0.23650472
20170803-132744-1.jpg,0,8,0.016968876,0.037843488,0.05745985,0.088541538,0.13734107,0.011699638,0.12527503,0.033416588,0.49145392
20170804-132513-1.jpg,1,8,0.04404825,0.086849198,0.00042041263,0.0055034892,0.00094881421,0.044251014,0.050027113,0.015995063,0.75195664
20170804-132738-1.jpg,0,8,0.052432261,0.27636054,0.011201371,0.11548279,0.022826962,0.036303371,0.042386379,0.081321076,0.36168525
20170811-103752-2.jpg,0,8,0.030463943,0.020376846,0.00031466628,0.0016107056,0.00062390917,0.063709766,0.0079071689,0.015213078,0.85977995
20170811-103813-2.jpg,0,8,0.047722805,0.0049199867,0.00018748234,0.0014085462,0.00024833775,0.016080981,0.0017585567,0.012745194,0.91492808
20170811-103904-2.jpg,0,0,0.4448387,0.054230679,0.0021751982,0.0070401654,0.0018758859,0.031801756,0.0091652265,0.23622893,0.21264343
20170811-103929-2.jpg,0,8,0.1738655,0.031162534,0.00090622052,0.014539131,0.006277048,0.021866269,0.0060927891,0.14474663,0.60054392
20170811-103948-2.jpg,0,8,0.38726756,0.02948717,0.00029354272,0.0012805313,0.00025461987,0.055690952,0.011157868,0.085298307,0.42926952
20170811-104301-2.jpg,0,8,0.13618246,0.010634427,0.014921099,0.10916097,0.078052253,0.017147254,0.0018608074,0.10021073,0.53183001
20170811-104527-1.jpg,0,8,0.24486266,0.057185188,0.027768586,0.085420303,0.051713109,0.062158588,0.0057391278,0.19344078,0.27171168
20170811-104712-2.jpg,0,0,0.39011118,0.039952822,0.0056342324,0.011526075,0.0094123455,0.076838054,0.0041242535,0.24349776,0.21890339
20170811-104804-2.jpg,0,0,0.73000944,0.012099976,0.00020223248,0.00039241454,0.0002007414,0.02450479,0.0024494333,0.18061279,0.0495282
20170811-105123-2.jpg,0,8,0.15488464,0.013111306,0.0034058981,0.0060323137,0.0038554743,0.053835496,0.010694496,0.23773558,0.51644474
20170811-110054-2.jpg,0,0,0.47269174,0.079787672,0.0078793336,0.014837017,0.0071519176,0.043167137,0.024751477,0.16905011,0.18068363
20170811-110215-2.jpg,0,0,0.68416429,0.013145534,0.00058233819,0.0017114696,0.0009747764,0.027565826,0.0020401308,0.11748309,0.15233248
20170811-110257-1.jpg,0,8,0.092143625,0.013093698,0.05111412,0.093315132,0.2015533,0.033657897,0.013959527,0.064985856,0.43617681
20170811-110324-1.jpg,0,8,0.2565124,0.028621379,0.018916704,0.030304076,0.028342109,0.032593332,0.012445986,0.15593757,0.43632647
20170811-110434-1.jpg,0,0,0.40669602,0.12463154,0.0031873155,0.0054553142,0.0026385924,0.047467723,0.057840478,0.1929445,0.15913849
20170811-110609-1.jpg,0,0,0.36237076,0.038186904,0.0072111115,0.037147202,0.01926529,0.075337589,0.005565038,0.16397424,0.2909418
20170811-111212-1.jpg,0,8,0.39207616,0.062128231,0.00024927655,0.0012616876,0.00029977801,0.024066567,0.007879707,0.051238626,0.4607999
20170811-112623-1.jpg,0,8,0.3653501,0.042173877,0.0007847253,0.0072996458,0.0014840316,0.01922084,0.0028137437,0.091141172,0.46973187
20170811-112723-2.jpg,0,8,0.1052845,0.10542429,0.0038601307,0.026361439,0.014396166,0.010399206,0.010920055,0.045333218,0.67802095
20170811-112814-2.jpg,0,8,0.21469766,0.02715168,0.00020127904,0.0044845473,0.00059194869,0.013230824,0.00038835203,0.090903059,0.6483506
20170811-113926-1.jpg,0,8,0.057556752,0.019947074,0.005037087,0.021138869,0.038310599,0.012041803,0.02351829,0.044757936,0.7776916
20170811-114001-1.jpg,0,8,0.04674254,0.028758761,0.0027061615,0.026692687,0.0098853176,0.0082066152,0.0099406838,0.041112084,0.82595515
20170811-114019-1.jpg,0,8,0.01402294,0.0030990685,0.00014052512,0.0017530906,0.0007902846,0.0051563261,0.0012081621,0.0057820007,0.96804762
20170811-114813-2.jpg,0,8,0.19382469,0.020520533,0.00022592569,0.0012895921,0.00059746974,0.09329021,0.0051267575,0.13602059,0.54910421
20170811-114958-2.jpg,0,8,0.13943771,0.018719696,0.00017224975,0.00090439734,0.00014245333,0.04626916,0.021763656,0.031233449,0.74135721
20170811-115127-1.jpg,0,8,0.10276015,0.013680883,0.00064119196,0.0035758454,0.0016425069,0.026283028,0.009683622,0.030228982,0.81150377
20170811-122931-2.jpg,0,8,0.055746656,0.040113691,0.00076882541,0.010087209,0.008259085,0.030171253,0.0025400037,0.01907648,0.83323681
20170811-123049-2.jpg,0,8,0.033716328,0.029382452,0.017965518,0.056680761,0.071901008,0.020683281,0.019553771,0.036222674,0.71389419
20170811-123116-2.jpg,0,8,0.20121463,0.015214914,0.0075357235,0.063883081,0.042388108,0.076987199,0.0059134043,0.10847244,0.47839049
20170811-123145-2.jpg,0,5,0.37395641,0.040879972,0.00022179745,0.00090060831,0.00023286001,0.40413883,0.014880409,0.078267023,0.086522095
20170811-123613-2.jpg,0,8,0.0058637755,0.0016599578,1.3721105e-05,0.0002816082,2.0655671e-05,0.0099767121,0.000881869,0.0011374003,0.98016435
20170811-124710-1.jpg,0,8,0.18891723,0.25101233,0.00031200887,0.0035306984,0.0012851728,0.039256763,0.1108707,0.092503458,0.31231162
20170811-124734-2.jpg,0,8,0.14232585,0.010632139,0.0035429224,0.061808035,0.022309745,0.067728594,0.0020075536,0.056850474,0.63279462
20170811-125742-1.jpg,0,0,0.67025417,0.0044875606,0.00072817696,0.0016847881,0.00093295437,0.052695207,0.0024139346,0.087077059,0.17972605
20170811-125945-1.jpg,0,0,0.59259504,0.0037608873,0.00043440971,0.0030052522,0.0013723783,0.050088678,0.0010384246,0.14940371,0.19830118
20170811-130240-2.jpg,0,0,0.3596057,0.020331327,0.0033709002,0.05111549,0.020914551,0.055756532,0.0012966173,0.16837426,0.31923461
20170811-130332-2.jpg,0,8,0.33118162,0.0022922426,0.0002500008,0.003905633,0.0024122186,0.016013056,0.00069796894,0.1152312,0.52801609
20170811-130432-2.jpg,0,0,0.66513485,0.0093166418,0.0010588501,0.0032737288,0.0022265757,0.024561396,0.001404506,0.17017242,0.12285116
20170811-130552-1.jpg,0,0,0.29595125,0.078017525,0.001004415,0.012042656,0.0027576389,0.23116234,0.044303097,0.14196007,0.19280103
20170811-130954-2.jpg,0,0,0.64489305,0.0057869144,0.0003039029,0.0023636518,0.0013244838,0.016538223,0.00050673896,0.25362861,0.0746544
20170811-131008-2.jpg,0,0,0.79146832,0.0079858843,0.00029779421,0.0028094205,0.00091839547,0.01923451,0.001626103,0.11012769,0.06553176
20170811-131045-1.jpg,0,0,0.41116351,0.035034083,0.0019186654,0.010739085,0.0034681798,0.10041003,0.0091571743,0.28769732,0.14041196
20170811-131322-1.jpg,0,4,0.024443982,0.0081122918,0.1105364,0.16058491,0.34589332,0.016084069,0.011132849,0.026931224,0.29628098
20170811-131509-2.jpg,0,8,0.34566686,0.0043587657,0.00040197987,0.013452519,0.0036560514,0.021494793,0.00036513893,0.071964078,0.53863984
20170811-132150-2.jpg,0,8,0.21903995,0.041831885,0.011745857,0.054542646,0.032382235,0.039968681,0.0032019459,0.15542062,0.44186625
20170811-132546-1.jpg,0,0,0.52174211,0.070639677,0.00094082195,0.0020376681,0.00071745249,0.048557349,0.013737861,0.248463,0.093164071
20170811-132901-2.jpg,0,8,0.093014419,0.01120558,0.0010837072,0.0038987179,0.0019453422,0.022296628,0.015331997,0.016612407,0.83461124
20170811-132940-1.jpg,0,7,0.1445962,0.18888322,0.0028106568,0.024881849,0.008179443,0.040649202,0.044184104,0.31378657,0.23202872
20170811-132947-2.jpg,0,0,0.6631965,0.013010401,0.0016327761,0.0051432685,0.0028831151,0.019602086,0.0015458158,0.14543089,0.14755516
20170811-133000-1.jpg,0,8,0.28637412,0.0035900327,0.00025625422,0.0033588326,0.0010354717,0.011504802,0.0010039391,0.17032507,0.52255148
20170811-133114-1.jpg,0,8,0.20994921,0.014422707,0.0082432032,0.048513498,0.041994818,0.042850766,0.0023992704,0.072902769,0.55872375
20170811-133229-1.jpg,0,8,0.10779947,0.046316866,0.0025501924,0.020164143,0.015616268,0.045615427,0.014540685,0.036733788,0.71066314
20170811-133242-1.jpg,0,8,0.1070347,0.073853336,0.005501532,0.049932811,0.042537414,0.027328247,0.01129283,0.10386755,0.57865161
20170811-133254-2.jpg,0,8,0.083328076,0.048239067,0.0027387629,0.0061556445,0.0038811781,0.31893885,0.047091898,0.021837719,0.46778882
20170811-133525-1.jpg,0,8,0.32762119,0.019542413,0.00020583825,0.0010270205,0.00059895834,0.075176314,0.0057968777,0.061738584,0.50829279
20170811-133548-1.jpg,0,8,0.32239607,0.021292638,0.00079637161,0.0014091718,0.0010696538,0.014879706,0.011267453,0.1521666,0.47472236
20170811-133725-1.jpg,0,8,0.15671024,0.074295558,0.00072169519,0.0083683822,0.0017153416,0.021929178,0.017537799,0.15899713,0.55972463
20170811-133741-2.jpg,0,0,0.33785787,0.19335727,0.001450908,0.0056104925,0.001567799,0.031620376,0.023779457,0.31762922,0.087126613
20170811-133752-1.jpg,0,8,0.11012353,0.060181461,0.00042587382,0.0041592335,0.00091667078,0.037259832,0.017129971,0.054645222,0.71515816
20170811-134026-1.jpg,0,8,0.019680528,0.004273199,0.0020603726,0.018475521,0.011493527,0.0024974034,0.0016352306,0.0081284717,0.93175572
20170811-134228-1.jpg,0,8,0.016398465,0.018006805,0.0033193817,0.015029419,0.0094822776,0.0065611098,0.0084564351,0.012770858,0.90997529
20170811-134343-1.jpg,0,8,0.126605,0.02215118,0.0009462302,0.0028786117,0.001629875,0.040413696,0.0081609562,0.13152717,0.66568732
20170811-134520-2.jpg,0,8,0.10584228,0.12862876,0.0021500532,0.0068590483,0.0033545713,0.045153715,0.022876995,0.029394461,0.65574014
20170811-134559-2.jpg,0,8,0.031170551,0.041038129,0.0036771062,0.010975895,0.008386272,0.02473242,0.02219655,0.010834746,0.84698832
20170811-154839-2.jpg,0,8,0.27073199,0.011157316,0.00051530916,0.0019004011,0.00071612064,0.048824377,0.00097616494,0.087235183,0.57794315
20170811-162503-1.jpg,0,8,0.34836894,0.0089788083,0.0021839782,0.0091448724,0.0063104387,0.062128767,0.0016225304,0.17437232,0.38688931
20170811-162821-1.jpg,0,8,0.3166407,0.0077999122,0.0028363063,0.0043102512,0.0046885721,0.02225011,0.0073778965,0.048058297,0.58603799
20170811-162841-1.jpg,0,8,0.23157246,0.015718991,0.0035269777,0.011391574,0.010019847,0.010719128,0.0079268366,0.14880212,0.56032211
20170811-162954-1.jpg,0,8,0.051566981,0.017035715,0.04722634,0.21727771,0.25005823,0.012185615,0.0093493052,0.047898278,0.34740183
20170811-163711-1.jpg,0,7,0.2300825,0.036976468,0.00025858273,0.0010658865,0.00024578057,0.082076162,0.024578834,0.3801707,0.24454503
20170906-091701-1.jpg,3,4,0.0066020037,0.0033042806,0.032134905,0.16733477,0.63928127,0.0028310502,0.0034854643,0.013012828,0.13201341
20170906-092622-1.jpg,3,4,0.0032799223,0.0039606751,0.019328292,0.15017839,0.74165988,0.0029685171,0.0027093044,0.0051425602,0.070772469
20170906-092719-4.jpg,3,4,0.010743577,0.0024124333,0.2622194,0.16116326,0.41314697,0.0037219359,0.0051231068,0.015024859,0.12644446
20170906-094526-2.jpg,3,4,0.0045143403,0.00099031196,0.083655268,0.35145634,0.48802727,0.0015528202,0.00085530482,0.0057986397,0.063149728
20170906-094834-1.jpg,3,8,0.031877026,0.026362309,0.025666064,0.18450639,0.25871938,0.024188576,0.0099126752,0.024648331,0.41411933
20170906-095611-1.jpg,3,8,0.0076449439,0.0073808776,0.0093604904,0.15036124,0.16041531,0.0036728131,0.016069707,0.0088828877,0.63621169
20170906-095816-1.jpg,3,8,0.0059729828,0.001766301,0.029692264,0.031370331,0.096706189,0.0028494026,0.013813322,0.0051726475,0.81265652
20170906-095922-1.jpg,3,4,0.02623594,0.026160683,0.05280878,0.22714613,0.4166424,0.020213477,0.0061452584,0.054530285,0.17011701
20170906-103822-1.jpg,3,4,0.010109729,0.0043168091,0.045188054,0.19203869,0.66271836,0.0049803541,0.0011277837,0.010704033,0.06881617
20170906-103921-1.jpg,3,4,0.019414345,0.002673039,0.07933259,0.20634691,0.42963275,0.010471468,0.0016071344,0.017904636,0.23261711
20170906-104054-1.jpg,3,4,0.0053616469,0.0046518086,0.12352396,0.13783629,0.52902013,0.0024599985,0.0074140923,0.0076836357,0.18204843
20170906-105248-1.jpg,3,4,0.022254605,0.023313835,0.012731405,0.32405561,0.46252936,0.0086088898,0.0021295093,0.028946443,0.11543038
20170906-105952-1.jpg,3,8,0.053795453,0.020861849,0.038209155,0.23486699,0.20795524,0.023717197,0.0037335288,0.042911939,0.37394869
20170906-110707-1.jpg,3,4,0.021115301,0.026633583,0.018378943,0.24006906,0.49736455,0.0089806654,0.0028525798,0.027325006,0.15728037
20170906-111240-1.jpg,3,8,0.062577166,0.1415025,0.022588829,0.20543116,0.12528472,0.028276592,0.021509239,0.098932661,0.29389709
20170906-111745-1.jpg,3,8,0.029913757,0.058645092,0.0021077264,0.074946538,0.044575132,0.015808469,0.0059759584,0.028103434,0.73992395
20170906-112228-1.jpg,3,8,0.0092554931,0.0079798242,0.11157209,0.074958742,0.32173166,0.0078666108,0.036601655,0.011015544,0.41901839
20170906-112409-1.jpg,3,8,0.040670775,0.017228058,0.034769587,0.18335995,0.26160195,0.022222983,0.010405581,0.0465771,0.38316402
20170906-112604-2.jpg,3,8,0.022489389,0.01055114,0.0063397856,0.20774114,0.18508872,0.0045041079,0.0017397521,0.016093837,0.54545212
20170906-112804-2.jpg,3,4,0.021638896,0.0042083766,0.024995215,0.31277668,0.44387561,0.0024535025,0.00064965576,0.017330296,0.17207177
20170906-112857-4.jpg,3,4,0.020306287,0.0065799081,0.18790448,0.19602086,0.39517102,0.004907296,0.0042899786,0.046761472,0.13805863
20170906-113112-4.jpg,3,4,0.02258759,0.011840651,0.046504948,0.25752521,0.52432829,0.0029452664,0.0040721074,0.036818434,0.093377471
20170906-113426-1.jpg,3,8,0.025978355,0.0070642,0.0026795194,0.010000512,0.0083859451,0.020398894,0.012983929,0.021470899,0.89103776
20170906-113917-2.jpg,3,8,0.018987035,0.020765454,0.037778903,0.14756036,0.30084667,0.0045943609,0.035300378,0.022339422,0.41182745
20170906-114137-1.jpg,3,8,0.027502561,0.017939627,0.0057017403,0.036433354,0.013766278,0.019047499,0.01131996,0.035285577,0.83300334
20170906-114508-1.jpg,3,8,0.0081863618,0.011387403,0.019118611,0.066944525,0.17786315,0.012199371,0.015349427,0.0091631329,0.67978805
20170906-130537-1.jpg,3,8,0.011561238,0.010311832,0.048085269,0.063807599,0.39751226,0.018101057,0.013167918,0.011593407,0.42585942
20170906-130826-1.jpg,3,8,0.0026913264,0.0012934534,0.15671141,0.037996054,0.31951344,0.0082489168,0.011205418,0.0025455754,0.45979437
20170906-131829-2.jpg,3,8,0.008165719,0.0035599973,0.17414397,0.21197011,0.27956691,0.0066723423,0.011841105,0.010689565,0.29339033
20170906-132157-1.jpg,3,2,0.0034878741,0.0015444864,0.61223906,0.039784994,0.2376866,0.0027314883,0.012461086,0.0036123926,0.08645197
20170906-132328-1.jpg,3,8,0.094367348,0.040492602,0.24152103,0.065214619,0.11800398,0.012383593,0.018720767,0.080728814,0.32856724
20170906-133106-1.jpg,3,4,0.0081793386,0.0043247826,0.032724921,0.31783974,0.54888535,0.003267546,0.002217253,0.010595271,0.071965687
20170906-133126-1.jpg,3,4,0.0042628888,0.0012942272,0.049592182,0.2962189,0.59492689,0.00098811986,0.00090449222,0.0051040007,0.046708327
20170906-135229-2.jpg,3,4,0.0058871778,0.0044913297,0.27243856,0.16693936,0.31922099,0.0035768647,0.012241472,0.011340187,0.2038641
20170906-135411-1.jpg,3,4,0.02139953,0.0072502592,0.074033968,0.19724736,0.58681089,0.0085638575,0.0025260537,0.029680638,0.072487459
20170906-135543-1.jpg,3,4,0.033725254,0.0091219721,0.14223741,0.28775221,0.32441351,0.018420275,0.0049052038,0.037624199,0.14179996
20170906-140310-1.jpg,3,4,0.013195576,0.002943364,0.074908271,0.14820476,0.67044568,0.003157621,0.0015755339,0.015653383,0.069915839
20170906-140330-1.jpg,3,8,0.034070201,0.00847755,0.14206246,0.2236449,0.25092289,0.021631023,0.0084545594,0.033998262,0.27673817
20170913-095437-1.jpg,3,4,0.0034124872,0.0044083949,0.11809032,0.06191333,0.43247396,0.0049803462,0.019402182,0.0029805643,0.35233846
20170913-095615-2.jpg,3,2,0.0043316167,0.0020504815,0.473867,0.14390399,0.21061164,0.03060201,0.01078775,0.0032985068,0.12054694
20170913-095814-1.jpg,3,4,0.015095733,0.013950454,0.027192356,0.3314597,0.4735105,0.012773138,0.006585374,0.028770002,0.090662725
20170913-100116-2.jpg,3,8,0.013287125,0.0099003417,0.14048009,0.062266331,0.091723859,0.044581484,0.091490015,0.0091015203,0.53716928
20170913-100221-1.jpg,3,8,0.007600585,0.0064517809,0.081646897,0.13735528,0.31520805,0.058873866,0.011050456,0.0076330183,0.37418008
20170913-100247-1.jpg,3,2,0.0059975935,0.0072417762,0.31247428,0.193331,0.21364392,0.06783808,0.016790342,0.0072630197,0.17541994
20170913-100332-1.jpg,3,4,0.0078786416,0.0038458209,0.268024,0.16327491,0.34417629,0.021326857,0.029519461,0.0096804844,0.15227358
20170913-100429-3.jpg,5,6,0.032396894,0.054283336,0.087671749,0.017877053,0.013048265,0.10659535,0.42576489,0.043075081,0.21928731
20170913-100510-2.jpg,3,2,0.012482791,0.0040250407,0.31160051,0.21786082,0.20127739,0.02859411,0.0072921566,0.0085672988,0.20829988
20170913-100707-2.jpg,3,8,0.0074518695,0.0077685216,0.1861643,0.13914865,0.23666008,0.019333515,0.029832929,0.0081876991,0.36545235
20170913-100746-1.jpg,3,8,0.0086595491,0.011537082,0.29924217,0.076900676,0.043284059,0.078469709,0.022694433,0.01073462,0.44847777
20170913-100817-1.jpg,3,8,0.019431701,0.01569072,0.034505274,0.2870481,0.19426107,0.045869447,0.014485355,0.023754694,0.36495364
20170913-100850-1.jpg,3,4,0.0074650119,0.0068098656,0.2787658,0.17783856,0.36203238,0.037396856,0.012710734,0.0074538803,0.10952689
20170913-100856-3.jpg,5,8,0.049143553,0.025178611,0.076459542,0.076841123,0.026677538,0.15760265,0.02872245,0.040929105,0.51844543
20170913-100913-3.jpg,5,8,0.073931187,0.13905701,0.023202263,0.060035601,0.03463418,0.13718084,0.061598986,0.12057092,0.34978905
20170913-101104-1.jpg,3,8,0.0081095081,0.0042795143,0.20401861,0.10737942,0.069329426,0.074159615,0.026590563,0.0061554015,0.49997795
20170913-101128-1.jpg,3,4,0.012953274,0.0039408412,0.11246996,0.24502784,0.34472907,0.022283733,0.0062605329,0.015682675,0.23665206
20170913-101235-1.jpg,3,4,0.04989085,0.019172389,0.11296792,0.10691828,0.47260189,0.036589831,0.014000007,0.037431698,0.15042713
20170913-101500-2.jpg,3,8,0.017396038,0.018308049,0.25896576,0.1598409,0.13748652,0.065559581,0.014198664,0.025469735,0.30277476
20170913-101521-2.jpg,3,2,0.0028573216,0.0021520406,0.52741069,0.18700559,0.12433355,0.014519723,0.0070944335,0.0031834426,0.13144317
20170913-101606-1.jpg,3,4,0.0086656064,0.0074392199,0.060492482,0.22834796,0.4437404,0.016435288,0.011915056,0.0088092256,0.21415475
20170913-101914-2.jpg,3,8,0.011375833,0.0070923395,0.27986258,0.12149841,0.2402132,0.0071013444,0.017273374,0.015319453,0.30026346
20170913-102030-3.jpg,5,5,0.098619498,0.061222404,0.053428534,0.019277601,0.012440348,0.31302202,0.036788866,0.10074957,0.3044512
20170913-102032-2.jpg,3,4,0.0057368968,0.0024063445,0.35056505,0.070202447,0.40422589,0.013927832,0.0081880568,0.0037528432,0.14099468
20170913-102058-1.jpg,3,2,0.0047239615,0.00317922,0.4872534,0.19146004,0.24576551,0.015182341,0.0050317901,0.0073367171,0.04006701
20170913-102152-1.jpg,3,4,0.0066542705,0.0051501482,0.085094675,0.19209109,0.43495098,0.02357259,0.014630189,0.007820555,0.23003554
20170913-102318-2.jpg,3,2,0.0047630598,0.0039213016,0.57291162,0.070136435,0.17324172,0.016119944,0.016084308,0.0034730737,0.13934852
20170913-102456-3.jpg,5,4,0.022248961,0.019521313,0.1757865,0.097895108,0.25071368,0.10518777,0.062597282,0.040368978,0.2256804
20170913-102458-2.jpg,3,4,0.0026826279,0.00117118,0.2233552,0.1514646,0.52322179,0.0056906464,0.0023727904,0.0018375869,0.088203564
20170913-102554-2.jpg,3,2,0.0041818777,0.0045536053,0.45768544,0.17764068,0.21665552,0.024345361,0.013963236,0.0078369137,0.093137324
20170913-102624-2.jpg,3,8,0.02558969,0.012744664,0.14448211,0.053163201,0.24850692,0.024300629,0.047247067,0.01823888,0.4257268
20170913-102631-1.jpg,3,8,0.0015365139,0.0019626336,0.17566587,0.081044436,0.095754959,0.024619611,0.008360357,0.0009291899,0.61012638
20170913-102702-1.jpg,3,8,0.010884478,0.0083477218,0.061419643,0.179634,0.31434432,0.01561331,0.020859115,0.0064597842,0.38243768
20170913-102731-3.jpg,5,5,0.10733231,0.060157612,0.011387979,0.032807615,0.022259809,0.34652898,0.039874084,0.095023863,0.28462774
20170913-102737-2.jpg,3,8,0.0045761233,0.0033576137,0.2273843,0.16629349,0.19211473,0.02018466,0.012169508,0.006154771,0.36776483
20170913-102751-2.jpg,3,8,0.0056474335,0.0020977247,0.19292016,0.11363705,0.2202507,0.028052993,0.02520333,0.0027534787,0.40943715
20170913-102856-1.jpg,3,8,0.013209432,0.0063125924,0.19005162,0.1224573,0.27910694,0.017330818,0.010966103,0.018193208,0.34237197
20170913-102920-1.jpg,3,4,0.023519112,0.024686575,0.15453012,0.20657972,0.22171065,0.12728059,0.0111129,0.026684953,0.20389538
20170913-103023-1.jpg,3,8,0.014408544,0.016418245,0.13111536,0.096844673,0.29931787,0.012635373,0.034788527,0.019864755,0.37460664
20170913-103119-3.jpg,5,8,0.14884572,0.043010786,0.027676988,0.047711328,0.035215631,0.10157163,0.014144056,0.13585077,0.44597313
20170913-103128-2.jpg,3,2,0.0068300064,0.0050275531,0.25045291,0.15285221,0.2485747,0.060879476,0.036695357,0.0056445641,0.23304322
20170913-103658-1.jpg,3,4,0.0078207832,0.0050406801,0.11262431,0.12350587,0.45782319,0.026548143,0.020496894,0.0072158072,0.23892429
20170913-103944-2.jpg,3,2,0.002850262,0.0012712756,0.68640673,0.060297474,0.11093422,0.021995282,0.01131558,0.0021825433,0.10274665
20170913-104133-1.jpg,3,8,0.033278409,0.013303348,0.16564211,0.13943803,0.18108287,0.056631211,0.051884472,0.03006416,0.32867536
20170913-104702-2.jpg,3,2,0.0045593069,0.0049466463,0.34752896,0.1434816,0.22934406,0.044834655,0.023067977,0.00662207,0.19561476
20170913-104812-3.jpg,5,8,0.040169701,0.016693894,0.17610377,0.10793526,0.10385646,0.085205443,0.078809373,0.034209911,0.35701621
20170913-104848-2.jpg,3,8,0.027474657,0.014242532,0.15419735,0.081413217,0.17909609,0.056631725,0.06035506,0.017338891,0.40925053
20170913-105009-3.jpg,5,8,0.25613114,0.20812626,0.0013480359,0.0050191507,0.0031429876,0.057279527,0.045371868,0.15663953,0.26694155
20170913-105137-1.jpg,3,4,0.0028189463,0.002211689,0.029444873,0.17917649,0.72906065,0.0026036764,0.0014359134,0.003503765,0.049743984
20170913-105154-2.jpg,3,8,0.0064883595,0.0042468407,0.11306098,0.14792666,0.1661749,0.026447399,0.016822724,0.0082302466,0.51060194
20170913-105239-1.jpg,3,4,0.027990898,0.023370966,0.08517649,0.23105602,0.39300126,0.07072001,0.021883335,0.023580773,0.12322021
20170913-105317-2.jpg,3,2,0.0012833102,0.0007244873,0.74984479,0.024874281,0.014496996,0.016853822,0.0068737473,0.00095275749,0.18409581
20170913-105416-3.jpg,5,5,0.12653665,0.13172305,0.018604023,0.040334314,0.034141194,0.30576608,0.026495179,0.20009291,0.11630666
20170913-105524-2.jpg,3,8,0.0021259601,0.0026234775,0.053967658,0.26642773,0.19653969,0.018125115,0.0081932321,0.0021682072,0.44982895
20170913-105608-2.jpg,3,2,0.0083445655,0.011430829,0.28676003,0.12331589,0.21812803,0.075104266,0.044652976,0.0076606995,0.22460265
20170913-105822-2.jpg,3,4,0.053250756,0.0096077938,0.056802843,0.10383814,0.48221809,0.013001412,0.0081680752,0.021579821,0.25153312
20170913-105918-1.jpg,3,4,0.021595748,0.013575632,0.12432609,0.26494581,0.42751044,0.034311779,0.0088139959,0.014123921,0.090796567
20170913-110116-2.jpg,3,8,0.010774228,0.0026354671,0.21839778,0.067652002,0.29012308,0.039940353,0.031640898,0.0070880516,0.33174816
20170913-110258-1.jpg,3,8,0.020471901,0.0075408616,0.020592833,0.096516542,0.38325432,0.020629393,0.01734644,0.018800996,0.41484672
20170913-110339-1.jpg,3,4,0.0050075296,0.0012505318,0.02718314,0.185665,0.75051445,0.002495575,0.00074114662,0.0049645347,0.022178078
20170913-110433-3.jpg,5,2,0.01479147,0.0026217632,0.64160752,0.057684876,0.10103949,0.035797156,0.0052647614,0.011817669,0.12937525
20170913-115951-2.jpg,5,8,0.057174675,0.025929706,0.013254452,0.053762577,0.013171613,0.31685275,0.030432209,0.068549134,0.42087287
20170913-121144-2.jpg,5,8,0.028163232,0.0070295865,0.0047793998,0.0052835802,0.0044822162,0.13874978,0.019914618,0.022981545,0.76861608
20170913-121340-1.jpg,5,8,0.0042553931,0.0045009512,0.0063095782,0.0059018247,0.0054299608,0.014343622,0.051096447,0.0061685741,0.90199369
20170913-121430-1.jpg,5,8,0.12478998,0.025011318,0.032062881,0.015063571,0.0092947967,0.2787571,0.01756091,0.12382374,0.37363568
20170913-121432-3.jpg,3,8,0.010231856,0.0063198791,0.31602594,0.11121742,0.18519257,0.029003333,0.017631393,0.0071931309,0.31718448
20170913-121721-3.jpg,3,4,0.010894991,0.010609243,0.2039765,0.23733762,0.35870984,0.0046658642,0.0074588773,0.017194368,0.14915268
20170913-122058-3.jpg,3,2,0.0039068707,0.0069024418,0.34574822,0.089811459,0.20762433,0.0085973423,0.012253752,0.0051139537,0.32004166
20170913-122111-1.jpg,5,8,0.021818144,0.020184405,0.2013683,0.10754191,0.16202855,0.12578705,0.041988499,0.024366464,0.29491669
20170913-122136-3.jpg,3,4,0.0044448585,0.0034120779,0.24749951,0.23745158,0.35395306,0.0047366,0.0075757527,0.0060862233,0.13484034
20170913-122153-3.jpg,3,4,0.0083658146,0.0051224064,0.11529522,0.28409871,0.48620272,0.0040156408,0.0044420259,0.011528219,0.080929317
20170913-122238-2.jpg,5,0,0.32556131,0.060459699,0.0060113585,0.0087728631,0.0034235397,0.099174395,0.025433036,0.16791032,0.3032535
20170913-122527-2.jpg,5,5,0.021782201,0.0073991185,0.025921166,0.0061837249,0.0023360758,0.78784692,0.010710436,0.010074644,0.12774573
20170913-122734-3.jpg,3,8,0.011252106,0.010661554,0.023788959,0.12577806,0.11820123,0.0057621165,0.0035803155,0.0090803867,0.69189525
20170913-122745-2.jpg,5,5,0.071961813,0.01866472,0.08676251,0.048602909,0.033603553,0.35856271,0.027383644,0.068504058,0.28595409
20170913-122821-3.jpg,3,8,0.024217892,0.021762218,0.0015690562,0.05085142,0.025886185,0.015862001,0.0025305308,0.010395895,0.84692478
20170913-122841-1.jpg,5,8,0.11265359,0.057904247,0.036970854,0.046084143,0.025767617,0.24302188,0.0089651002,0.16472612,0.3039065
20170913-122944-3.jpg,3,8,0.012078661,0.0020047466,0.044557884,0.018550707,0.016683286,0.011070491,0.0062019895,0.0091617163,0.87969047
20170913-123125-1.jpg,5,8,0.014107656,0.0073656146,0.039396282,0.2223759,0.18880378,0.058855839,0.0069557237,0.013414228,0.44872496
20170913-123800-1.jpg,5,8,0.0087462524,0.0024037678,0.2387742,0.0087896911,0.041315563,0.0294604,0.056118645,0.0028477418,0.61154377
20170913-124146-2.jpg,5,8,0.11578486,0.051722866,0.047951162,0.031082114,0.017601393,0.29043311,0.029791551,0.1090026,0.30663031
20170913-124352-3.jpg,5,4,0.1052751,0.096294627,0.082188234,0.091623887,0.18132977,0.074197777,0.049670383,0.16039149,0.15902865
20170913-124719-3.jpg,5,8,0.043551195,0.03676711,0.066589445,0.048803605,0.039545134,0.22235614,0.098981068,0.043386206,0.40002009
20170920-094037-2.jpg,2,2,0.0020747227,0.0017210729,0.73960543,0.0042613843,0.0060976059,0.0058890614,0.0088794548,0.00083883631,0.23063232
20170920-094121-1.jpg,4,8,0.029643673,0.0348805,0.050670851,0.024945302,0.047021862,0.044448003,0.09492109,0.020473571,0.65299511
20170920-094203-1.jpg,4,8,0.0088210264,0.057329211,0.0031629959,0.019518821,0.017197419,0.018025348,0.060871739,0.0057147061,0.80935872
20170920-094446-1.jpg,2,8,0.0093900729,0.012205239,0.34399736,0.019249834,0.096634813,0.013333138,0.07466241,0.014872244,0.41565493
20170920-094537-2.jpg,2,2,0.0011901164,0.0014114541,0.89513958,0.010454069,0.015499492,0.0054787705,0.012874314,0.001328103,0.056624152
20170920-094607-2.jpg,2,2,0.0014527269,0.0028169018,0.85652918,0.0075612948,0.006802232,0.013036897,0.020398093,0.0019729049,0.089429781
20170920-094813-3.jpg,2,2,0.0012923471,0.0023796759,0.89622539,0.010224726,0.017660176,0.011835681,0.01775624,0.0014213786,0.041204374
20170920-095040-3.jpg,2,8,0.0042778198,0.0043427292,0.28273979,0.026773458,0.076208606,0.0062734922,0.031543318,0.0037957516,0.56404501
20170920-095211-3.jpg,2,2,0.009621487,0.012250566,0.40824735,0.04241598,0.084368192,0.010374034,0.044459783,0.013378624,0.37488392
20170920-095354-1.jpg,2,2,0.0036929697,0.0051641474,0.76402569,0.015356167,0.024016295,0.01406753,0.039189074,0.0034163736,0.13107163
20170920-095400-3.jpg,2,2,0.0035885712,0.011457158,0.73714346,0.0079926923,0.0071001626,0.021508642,0.12431894,0.0029999709,0.083890378
20170920-095425-1.jpg,2,2,0.0060251215,0.033203024,0.46776325,0.020596903,0.031265955,0.04394304,0.11697482,0.010285326,0.26994255
20170920-095716-2.jpg,4,8,0.020389212,0.011683153,0.051874761,0.023064917,0.11862219,0.015347944,0.029383393,0.011756529,0.71787792
20170920-095857-1.jpg,2,2,0.0038851998,0.003651618,0.53175592,0.040788598,0.13633855,0.0065351063,0.019703476,0.0050442931,0.25229722
20170920-095943-2.jpg,2,2,0.00071011297,0.00078594545,0.73773664,0.0037664487,0.0054596756,0.001781981,0.014802109,0.00038421634,0.23457287
20170920-100021-1.jpg,2,2,0.0089754825,0.012269002,0.51039028,0.010786107,0.0057921396,0.032214168,0.049828652,0.0051729358,0.36457127
20170920-100234-1.jpg,2,2,0.0021446657,0.001857004,0.89479613,0.012665033,0.024260899,0.0037211289,0.012374026,0.001452955,0.046728186
20170920-100316-2.jpg,5,8,0.065615922,0.045593515,0.1408162,0.021428984,0.033020932,0.14010298,0.24646688,0.05926938,0.24768525
20170920-100933-2.jpg,2,2,0.00050427276,0.00054643623,0.96562552,0.0040008817,0.0071207206,0.0013042577,0.002764229,0.00064273103,0.017490814
20170920-101745-1.jpg,2,2,0.0086493799,0.0079285642,0.69230878,0.037929438,0.047828656,0.040419869,0.035015065,0.008383574,0.12153663
20170920-101929-1.jpg,2,2,0.0022167459,0.0036711239,0.91783661,0.009513543,0.013805276,0.0092808641,0.0158621,0.0019655281,0.025848312
20170920-102030-1.jpg,2,2,0.0073176282,0.014579264,0.73515254,0.013535405,0.030701883,0.01544443,0.061084136,0.0073205009,0.11486427
20170920-110749-2.jpg,4,4,0.0060772616,0.0099515878,0.08117725,0.19853246,0.43959185,0.0050293435,0.0097667836,0.0089710085,0.24090239
20170920-110919-2.jpg,2,2,0.0035083422,0.0017428339,0.58306134,0.091489606,0.22236422,0.0044509764,0.007085606,0.0049650776,0.08133205
20170920-110952-2.jpg,2,8,0.0070079397,0.0014968754,0.37295765,0.01672996,0.16540806,0.0084963627,0.017726168,0.0034691258,0.40670788
20170920-111011-3.jpg,2,2,0.0013920662,0.0004538098,0.44511113,0.026249338,0.097075604,0.0050483416,0.015965592,0.0011857579,0.4075183
20170920-111042-3.jpg,4,4,0.014658208,0.0065082074,0.13680066,0.12940353,0.57726377,0.0051670801,0.0043568192,0.020044446,0.10579731
20170920-111129-2.jpg,2,4,0.013730561,0.002604235,0.13669111,0.075544298,0.66941512,0.0035019005,0.0022885434,0.01260562,0.083618686
20170920-111146-2.jpg,2,2,0.00051962049,0.00046511056,0.94083101,0.0098544601,0.032902379,0.0017222728,0.0019038348,0.00062562461,0.011175771
20170920-111615-2.jpg,2,2,0.00024703261,0.00034273835,0.90882742,0.015888438,0.033039588,0.0022681144,0.0023404767,0.00027800965,0.036768135
20170920-112118-3.jpg,4,4,0.0056720031,0.0087752156,0.035895135,0.18587813,0.44187406,0.0055172662,0.010761205,0.0088881794,0.29673874
20170920-112120-2.jpg,2,2,0.0015234526,0.00035346585,0.71434259,0.020888163,0.1909385,0.0017261406,0.0029808884,0.0014886863,0.065758131
20170920-112429-3.jpg,2,4,0.002559144,0.001226949,0.33657086,0.074013315,0.36782661,0.0033858896,0.0062506432,0.0037522872,0.20441435
20170920-112545-3.jpg,2,2,0.0013465834,0.00071412633,0.89910215,0.017743478,0.028279606,0.0007683328,0.0030298387,0.0016007345,0.04741523
20170920-112716-3.jpg,2,2,0.0013885011,0.00097022118,0.79905403,0.030588718,0.046684466,0.0052669481,0.011419953,0.0019443639,0.10268281
20170920-113335-3.jpg,2,8,0.0035812519,0.0012570664,0.18741336,0.024943775,0.13268232,0.0047681383,0.036489461,0.0040220125,0.6048426
20170920-113405-3.jpg,2,2,0.00067239057,0.00067356956,0.96097749,0.0044244076,0.0055675535,0.0021652875,0.0050058309,0.00056535151,0.019948138
20170920-113437-3.jpg,2,2,0.00085272524,0.0010111752,0.96337932,0.0087821893,0.0039896681,0.0032457833,0.0025137479,0.001155132,0.015070246
20170920-113530-3.jpg,2,2,0.0022276444,0.0015233926,0.86541134,0.019309144,0.081589855,0.0032567612,0.004805672,0.0023202284,0.019555928
20170920-113543-3.jpg,2,2,0.0052671167,0.0035882459,0.67785317,0.021630866,0.06602639,0.0087024458,0.031806141,0.0040159994,0.18110964
20170920-113634-3.jpg,2,2,0.0042640124,0.0015090861,0.700445,0.041332915,0.16972521,0.0035015992,0.0070621944,0.0054587997,0.066701077
20170920-113646-3.jpg,2,2,0.0042529809,0.0015828731,0.53714234,0.050208963,0.2008418,0.0046403855,0.0086657684,0.0059380806,0.18672681
20170920-113728-2.jpg,2,4,0.003138453,0.0010185831,0.2574487,0.11739909,0.51061946,0.0034675049,0.0063920971,0.0036945103,0.096821591
20170920-114055-3.jpg,2,2,0.0024708125,0.00059521513,0.83486611,0.018036082,0.063425347,0.0032996847,0.0047580306,0.0023561774,0.070192508
20170920-114110-2.jpg,2,2,0.0040447759,0.0015479553,0.4549523,0.02462448,0.28027204,0.0032983455,0.015171384,0.0043694498,0.21171924
20170920-114220-3.jpg,2,2,0.0022456248,0.00091599737,0.49810967,0.090601616,0.27207792,0.0015980809,0.0034919414,0.0036074116,0.12735175
20170920-114244-3.jpg,2,2,0.0021438878,0.0013447953,0.69318706,0.042437878,0.21803884,0.0027627493,0.0042545642,0.0032123805,0.032617893
20170920-114250-2.jpg,2,2,0.0018734991,0.0018819999,0.71239692,0.042469177,0.1529451,0.0024518836,0.006746762,0.0029492639,0.076285362
20170920-114342-3.jpg,2,4,0.0046265167,0.0013813965,0.33773062,0.066259392,0.51837659,0.0042066434,0.0044605676,0.005184616,0.05777359
20170920-114832-2.jpg,2,4,0.0066011078,0.0053191972,0.22173858,0.05811879,0.53822654,0.0073461113,0.016980685,0.007108307,0.13856071
20170920-115200-3.jpg,2,8,0.0042534722,0.0010845454,0.30103272,0.03076582,0.18347652,0.0041115265,0.019415338,0.0030272768,0.4528327
20170920-115307-2.jpg,2,2,0.00074484892,0.00062086934,0.89396238,0.02248246,0.054098345,0.0017740887,0.0016878662,0.00068296382,0.023946198
20170920-115351-2.jpg,2,4,0.0047268197,0.003066381,0.11511557,0.18705536,0.57783681,0.0028791237,0.0019867043,0.010273785,0.097059503
20170920-115420-2.jpg,2,2,0.0018837699,0.001369492,0.57803661,0.05471966,0.24069265,0.0026371705,0.011771774,0.0037395486,0.10514937
20170920-115453-3.jpg,2,2,0.0016451029,0.00089336338,0.64773482,0.048794858,0.27217278,0.0034416227,0.0032313436,0.0020839209,0.020002218
20170920-115538-2.jpg,2,2,0.0028325596,0.0013547774,0.42565903,0.041753717,0.084059305,0.0022404613,0.0151898,0.0032767251,0.42363361
20170920-115716-2.jpg,2,2,0.0050046602,0.0010067924,0.57134855,0.069344856,0.268002,0.0018387692,0.0022271739,0.0055047041,0.075722411
20170920-120001-2.jpg,2,8,0.015754145,0.0069552823,0.21234088,0.089875735,0.30537742,0.017615903,0.010453342,0.019776216,0.32185107
20170920-130354-2.jpg,2,2,0.0036563054,0.0068468568,0.8697691,0.02088144,0.044495396,0.0078072147,0.018533587,0.0048564216,0.023153696
20170920-130803-2.jpg,2,4,0.0033684233,0.0013300524,0.35066468,0.054068901,0.47322181,0.0032916369,0.0047567957,0.0059292116,0.10336858
20170920-130911-2.jpg,2,2,0.00050545292,0.00073821441,0.95325696,0.0093315672,0.008310915,0.005500521,0.0048234407,0.00049445964,0.017038472
20170920-131001-2.jpg,2,2,0.0049779126,0.0030603416,0.54580647,0.12690121,0.18590671,0.014953769,0.0044364142,0.0058478573,0.1081093
20170920-131101-2.jpg,2,2,0.011675322,0.0033787244,0.3901822,0.17674598,0.21431492,0.024632297,0.0094754072,0.010794929,0.15880029
20170920-131212-2.jpg,2,2,0.00076272321,0.00065308705,0.88348234,0.023212753,0.045678884,0.0039901175,0.0065050339,0.00086332625,0.034851696
20170920-132106-2.jpg,2,4,0.0049929922,0.0034859115,0.34536344,0.11030626,0.43238083,0.0051215664,0.0032032894,0.0088701164,0.086275704
20170920-132152-2.jpg,2,2,0.0039232839,0.0024747085,0.77108562,0.057703141,0.11648793,0.0050383168,0.0036647785,0.0053227181,0.034299634
20170920-132623-2.jpg,2,2,0.0016657606,0.001192973,0.6780054,0.064660721,0.21310839,0.0018843056,0.0025732953,0.002243934,0.034665257
20170920-132825-2.jpg,2,2,0.00081179099,0.00088957784,0.96450812,0.011032438,0.013896568,0.0022119358,0.001313268,0.00072944758,0.0046069873
20170920-133159-2.jpg,2,2,0.017776269,0.005067769,0.32760414,0.11808282,0.22370304,0.012857073,0.013411078,0.024177538,0.25732028
20170920-133309-2.jpg,2,2,0.0025896917,0.001537585,0.54730815,0.097944811,0.26057044,0.0037617832,0.00489956,0.0034005516,0.07798747
20170920-133648-2.jpg,2,4,0.0021599925,0.0011405549,0.32505739,0.05359184,0.39075634,0.0011115968,0.0078767668,0.0040623159,0.21424313
20170920-133722-2.jpg,2,2,0.0030697675,0.0020758957,0.4960559,0.096247293,0.27647996,0.0028983676,0.0047320537,0.0079163332,0.11052445
20170920-133910-2.jpg,2,2,0.00084678689,0.00099026575,0.91892451,0.020316025,0.024934929,0.0010249226,0.0024725595,0.0013463966,0.029143637
20170920-134648-2.jpg,2,2,0.014472271,0.0055826074,0.4853254,0.047509953,0.25088495,0.0067040203,0.014323954,0.021220401,0.15397644
20170920-135038-2.jpg,2,4,0.0076381192,0.0018370897,0.16679153,0.061856095,0.67058492,0.0043275696,0.0055230763,0.010752133,0.070689544
20170920-140039-2.jpg,2,4,0.0066123703,0.0029800076,0.38700935,0.071189977,0.40412435,0.011043265,0.011462343,0.0072093494,0.098368905
20170920-140120-2.jpg,2,2,0.0016540351,0.0012405145,0.91929233,0.016556401,0.021998066,0.0033560654,0.0042213988,0.0015746882,0.030106485
20170920-160103-3.jpg,2,2,0.00096574676,0.00078561576,0.92351425,0.021885909,0.033008907,0.0017097981,0.0025743756,0.0013873536,0.01416806
20170920-160143-3.jpg,2,2,0.00170029,0.0005197447,0.66411793,0.036954001,0.12368153,0.0036350109,0.0074592484,0.0018652995,0.16006695
20170920-160514-3.jpg,2,2,0.002948045,0.0021221188,0.81751174,0.055778194,0.089658096,0.0070634624,0.0032614151,0.0046968265,0.01696012
20170920-160536-3.jpg,2,2,0.0010515242,0.0009054243,0.89211291,0.0060620727,0.0099624032,0.0025878954,0.010552382,0.0011839214,0.075581558
20170920-160548-3.jpg,2,4,0.0025956726,0.00066860457,0.2417641,0.049850125,0.6561377,0.0020807525,0.0029688468,0.0033447994,0.040589377
20170920-160634-3.jpg,2,2,0.0035080982,0.0044844402,0.76824695,0.015958201,0.02464493,0.014724468,0.011285187,0.0024284574,0.15471926
20170920-162006-3.jpg,2,2,0.0062446408,0.0022446997,0.59846157,0.078672558,0.20831214,0.005737043,0.0027649275,0.0071615237,0.090400845
20170920-162211-3.jpg,2,2,0.002486282,0.0014546703,0.66858566,0.048040915,0.23867038,0.0032816906,0.005600818,0.0026334757,0.029246105
20170920-162458-3.jpg,2,2,0.0036567757,0.0014467823,0.79371506,0.016641455,0.075537771,0.0023267111,0.011493209,0.0038534934,0.091328844
20170920-162530-3.jpg,2,2,0.010905992,0.0025388603,0.5572269,0.03003701,0.096325636,0.0068597491,0.020014284,0.0081556132,0.26793599
20170920-162737-3.jpg,2,2,0.0044879862,0.0017212817,0.55642986,0.045736417,0.25044498,0.0046484112,0.013570198,0.0058022002,0.11715867
20170920-162748-3.jpg,2,8,0.0081355581,0.0013956052,0.25942361,0.034597445,0.18011577,0.007815701,0.020358378,0.0065304027,0.48162758
20170920-162858-3.jpg,2,4,0.0041401223,0.0012371407,0.26813254,0.081878044,0.60153985,0.002514662,0.0014575935,0.0050693299,0.034030724
20170920-163134-3.jpg,2,4,0.014888353,0.0052534984,0.19493218,0.11667322,0.56937069,0.0081121577,0.0068510226,0.019010033,0.064908884
20170920-163318-3.jpg,2,2,0.001947542,0.0015416106,0.90507811,0.035000857,0.024423735,0.0053055747,0.0034481783,0.0020560159,0.02119836
20170920-163354-3.jpg,2,2,0.0018626107,0.00076080515,0.49746794,0.0534814,0.22519033,0.0015063882,0.0066947308,0.0025220017,0.21051377
20170920-163419-3.jpg,2,2,0.004287024,0.0047001983,0.89556903,0.028064027,0.016394887,0.01494533,0.0043922053,0.0041482109,0.027499065
20170920-163436-3.jpg,2,2,0.014876209,0.0095323091,0.7718454,0.055856477,0.023771269,0.02119855,0.0075953086,0.01680804,0.078516446
20170920-163812-3.jpg,2,2,0.00064906164,0.00032987318,0.84289801,0.020371793,0.044953786,0.0011220422,0.0035555554,0.00069356849,0.085426405
20170920-163845-3.jpg,2,2,0.0046503334,0.0014173135,0.46528843,0.080322169,0.38274321,0.0026705663,0.0033214865,0.0050216946,0.054564655
20170920-163907-3.jpg,2,2,0.00084649812,0.00053792709,0.92205453,0.0083735399,0.051054988,0.0014750087,0.0027069522,0.00088579423,0.012064719
20170920-163917-3.jpg,2,2,0.0055993535,0.0027886394,0.67959458,0.03489488,0.19796751,0.0052368157,0.0068635396,0.0074416678,0.059612975
20170920-163942-3.jpg,2,2,0.0014785753,0.00078910345,0.92469412,0.017432092,0.030865828,0.0019721549,0.0028589382,0.0011927948,0.018716298
20170920-164043-3.jpg,2,2,0.0099693714,0.0027466894,0.46341175,0.086542062,0.3079322,0.0060475566,0.0058893887,0.012416439,0.10504457
20170920-164158-3.jpg,2,2,0.0035131858,0.0011666043,0.69515395,0.038877826,0.16559011,0.0030718918,0.0063374331,0.0048891017,0.08139994
20170920-164246-3.jpg,2,2,0.018985033,0.0040957881,0.43875983,0.079103783,0.32982311,0.0077639651,0.0062076277,0.020730291,0.094530657
20170920-164316-3.jpg,2,2,0.012758209,0.0058792969,0.63002014,0.038607776,0.23383088,0.0090421,0.013222696,0.01508631,0.041552559
20170920-164757-3.jpg,2,2,0.0023793504,0.0013265056,0.85039538,0.055200852,0.044770993,0.00239271,0.0035869263,0.0027993231,0.037147932
20170920-164910-3.jpg,2,2,0.013285537,0.0041649411,0.51450747,0.10154048,0.20649631,0.016722672,0.0091664903,0.021023888,0.11309215
20170920-164924-3.jpg,2,2,0.002632326,0.0010961626,0.81892467,0.03579564,0.065422505,0.003385819,0.0088008055,0.0029909101,0.060951058
20170920-171010-3.jpg,2,2,0.00099459162,0.0010628498,0.70576876,0.034984149,0.12202172,0.0039806282,0.0098079303,0.0010004165,0.12037899
20170920-171122-3.jpg,2,2,0.0016838072,0.0012385508,0.86866593,0.013965884,0.066939525,0.002155744,0.0036904253,0.0016085376,0.040051565
20170920-171358-1.jpg,4,4,0.020125762,0.015346228,0.059057932,0.1106689,0.44412729,0.0079073133,0.014471662,0.04002291,0.28827199
20170920-171447-3.jpg,2,4,0.024945794,0.009967762,0.24440864,0.068950988,0.36277056,0.031415451,0.029408675,0.027297193,0.2008349
20170920-171913-1.jpg,2,2,0.0028755846,0.0040649995,0.90140814,0.023422319,0.021615995,0.013875085,0.011290449,0.0034834985,0.017963914
20170920-171948-1.jpg,2,2,0.0046480685,0.0035799323,0.73607761,0.019417571,0.028246274,0.0048136422,0.025809631,0.0065232944,0.17088395
20170920-172057-1.jpg,2,2,0.0014839969,0.0018421452,0.94875628,0.01200693,0.01299306,0.004308579,0.0056300196,0.0018388471,0.011140059
20170920-172208-1.jpg,2,2,0.0013338171,0.00096586585,0.95894879,0.0057316981,0.0070832637,0.0038317074,0.0036291699,0.001099632,0.017376039
20170920-172300-1.jpg,2,2,0.0045906478,0.0034152968,0.8893286,0.017253498,0.012811932,0.016421543,0.01186341,0.0036249582,0.040690113
20170920-173813-1.jpg,4,4,0.040085599,0.028656747,0.12098615,0.1222176,0.34783185,0.020451328,0.019256089,0.055756539,0.24475802
20170920-174352-1.jpg,4,4,0.0064158905,0.0046424926,0.037551168,0.11504374,0.7184642,0.0034142865,0.0040076971,0.01097896,0.099481694
20170920-174644-1.jpg,2,4,0.024205662,0.015921038,0.20669155,0.050527934,0.51014507,0.027519291,0.038609926,0.03037926,0.096000232
20170920-180512-1.jpg,2,2,0.00046138032,0.00020274529,0.89935523,0.012679651,0.040407617,0.00079114607,0.0013866766,0.00043956671,0.044275917
20170920-180928-1.jpg,2,2,0.0020050479,0.00056651997,0.51958328,0.055508628,0.17727283,0.00193045,0.0038501979,0.0016164344,0.23766658
20170920-181043-1.jpg,2,2,0.0027083466,0.0012299939,0.76285082,0.016420139,0.13149063,0.0079404805,0.011906512,0.003808738,0.06164436
20170920-181106-1.jpg,2,8,0.028133534,0.012321012,0.2632511,0.035707198,0.2549009,0.030878691,0.043217432,0.023472616,0.30811751
20170920-181315-1.jpg,2,2,0.0098961052,0.0047936835,0.5312342,0.042562574,0.15743443,0.044513915,0.013839739,0.010605985,0.18511939
20170920-182718-1.jpg,2,2,0.0054014307,0.0018569253,0.45041364,0.037633773,0.43974289,0.005235753,0.004866404,0.0057909312,0.049058221
20170920-182841-1.jpg,2,2,0.0028386835,0.00083127007,0.71442533,0.030898681,0.1784879,0.0025908649,0.0077585122,0.0035544266,0.058614194
20170920-182932-1.jpg,2,2,0.0029876081,0.0042541735,0.52713251,0.052091781,0.11039444,0.0083111795,0.042272147,0.0044647991,0.24809138
20170920-183005-1.jpg,2,4,0.0078947302,0.0019754136,0.17917328,0.07816314,0.36708158,0.0038896054,0.010400886,0.0078348145,0.34358659
20170920-183310-1.jpg,2,2,0.00055810477,0.00033232998,0.92033798,0.010666316,0.048152838,0.00086378661,0.0016146095,0.00076775649,0.016706269
20170920-183330-1.jpg,2,4,0.0020824075,0.0010608172,0.40737352,0.056332681,0.46695015,0.0030496472,0.0029415481,0.0028956092,0.057313554
20170920-183647-1.jpg,2,4,0.0047459765,0.0010098524,0.12202875,0.091247365,0.73492056,0.0033278253,0.0010689782,0.0060877241,0.035562895
20170920-183728-1.jpg,2,2,0.002651487,0.0010140606,0.69556636,0.043996379,0.12805517,0.0030579285,0.0029677863,0.0034941998,0.11919662
20170920-184010-1.jpg,2,4,0.0065100864,0.0029656803,0.17128621,0.13222349,0.48401427,0.002000839,0.0049303505,0.014429797,0.18163928
20170920-184209-1.jpg,2,2,0.018844051,0.0099316956,0.47400093,0.048609491,0.26867113,0.012038599,0.018937955,0.021664565,0.12730165
20170920-184904-1.jpg,2,2,0.00082726317,0.00043434996,0.83171099,0.012584561,0.016996982,0.0032839933,0.0037956501,0.00089868909,0.12946753
20170920-185231-1.jpg,2,2,0.0067898151,0.0041812612,0.64836156,0.033413365,0.20789787,0.013782904,0.01282014,0.0067708949,0.065982185
20170920-185253-1.jpg,2,2,0.0049185911,0.001862724,0.63837564,0.04502565,0.22714515,0.0067789806,0.0038910739,0.005547028,0.066455163
20170920-185441-1.jpg,2,2,0.0032559326,0.0013438199,0.82246679,0.027055426,0.069912761,0.0035082642,0.0071186814,0.003588446,0.061749853
20170920-185744-1.jpg,2,2,0.0046152133,0.0035002052,0.51797855,0.035029981,0.15582493,0.0044900216,0.022225415,0.0052695656,0.25106615
20170920-185902-1.jpg,2,4,0.01607506,0.0063164299,0.1718501,0.099616818,0.49399266,0.0067072916,0.010380687,0.019359499,0.17570154
20170920-190113-1.jpg,2,2,0.0025306051,0.0012889211,0.73188633,0.040311482,0.15266651,0.0040503871,0.0051821601,0.0031091005,0.058974542
20170920-190207-1.jpg,2,2,0.002345142,0.00070095819,0.65286195,0.024767123,0.23393854,0.0021857542,0.0053521194,0.0020452684,0.075803161
20170920-190229-1.jpg,2,2,0.012684834,0.0032770433,0.50805533,0.083376773,0.1953796,0.014001225,0.011215293,0.016320903,0.15568899
20170920-190248-1.jpg,2,2,0.0042185532,0.0016869858,0.66597241,0.038294755,0.21923226,0.0037487447,0.0094322152,0.0051843338,0.052229695
20170920-190640-1.jpg,2,8,0.012238498,0.005896349,0.24125913,0.048625313,0.10721585,0.013478314,0.033988241,0.010817587,0.52648073
20170920-190809-1.jpg,2,2,0.01611473,0.0055080187,0.52231598,0.031575628,0.10603607,0.021163214,0.04050763,0.012697565,0.24408118
20170920-191441-1.jpg,2,4,0.0053959466,0.0041189604,0.36924818,0.052669823,0.39063716,0.0092657171,0.011723138,0.0065992451,0.15034175
20170920-191707-1.jpg,2,2,0.0013940587,0.00060568401,0.83989882,0.018865108,0.083128266,0.0019436512,0.0038393091,0.0014736718,0.048851367
20170920-191748-1.jpg,2,2,0.0024547749,0.0027180903,0.51757711,0.083311915,0.14083336,0.011368029,0.014266012,0.0048354128,0.2226353
20171025-073152-1.jpg,3,8,0.053291101,0.033711396,0.007227526,0.13933046,0.087188505,0.010897171,0.0055732704,0.063404925,0.59937561
20171025-073808-2.jpg,3,3,0.030461136,0.028612737,0.011807648,0.5561192,0.15791565,0.0024622511,0.0016875181,0.026773846,0.18416001
20171025-073900-2.jpg,3,3,0.021227907,0.01538671,0.025334733,0.36752313,0.17068817,0.0044285371,0.0062936712,0.026629658,0.36248749
20171025-073944-1.jpg,3,8,0.027343715,0.04606609,0.038588814,0.11007156,0.22007746,0.012811699,0.026879361,0.031605646,0.48655561
20171025-074035-2.jpg,3,8,0.019613031,0.026007986,0.0098731229,0.23905505,0.081106193,0.005933336,0.0058145029,0.028408466,0.58418834
20171025-074040-1.jpg,3,8,0.029150102,0.098541588,0.011194363,0.2789835,0.09831953,0.0074528255,0.015039282,0.064113252,0.39720556
20171025-074208-1.jpg,3,3,0.030660633,0.096675992,0.011431251,0.37360579,0.20334971,0.0049661011,0.014244749,0.070516557,0.19454919
20171025-074337-3.jpg,3,8,0.03360489,0.11254655,0.024629511,0.21288022,0.098669231,0.0092641059,0.049695484,0.055995304,0.40271476
20171025-074720-3.jpg,7,1,0.10505443,0.52648115,0.00031394957,0.0018443088,0.00034477326,0.015066676,0.1158376,0.14562982,0.089427367
20171025-074804-2.jpg,3,8,0.0523054,0.030541915,0.059764054,0.20069227,0.13894333,0.0081223156,0.014500126,0.04035778,0.4547728
20171025-074814-3.jpg,3,8,0.059980337,0.096711494,0.0060660192,0.11773261,0.032770813,0.029181371,0.017095627,0.078995958,0.5614658
20171025-074945-3.jpg,3,3,0.033029038,0.022609772,0.024512582,0.31233415,0.24392329,0.011999151,0.011287272,0.046642967,0.29366174
20171025-075009-3.jpg,3,8,0.05206909,0.064808384,0.018479003,0.18181624,0.10552041,0.01240272,0.0136684,0.046386205,0.50484955
20171025-075029-3.jpg,3,8,0.043141741,0.086348988,0.0066514504,0.15898842,0.024592433,0.0084876865,0.0101399,0.050230209,0.6114192
20171025-075137-1.jpg,3,8,0.023550922,0.014938957,0.0043370654,0.078042954,0.035000946,0.0028065694,0.0028572294,0.02535313,0.8131122
20171025-075207-1.jpg,3,8,0.01254747,0.0047026179,0.0026846905,0.12419495,0.0438115,0.001013929,0.0011547145,0.0081892414,0.80170083
20171025-075230-2.jpg,3,8,0.025308808,0.012255361,0.023575645,0.17892498,0.099589139,0.021902183,0.0053590317,0.01804208,0.61504281
20171025-075321-2.jpg,3,3,0.027264044,0.0083865877,0.011751927,0.56349963,0.1783829,0.0043808324,0.0010534562,0.020243941,0.1850367
20171025-075321-3.jpg,3,3,0.037514009,0.061322227,0.034769215,0.36591062,0.16580747,0.013079242,0.010656245,0.062590651,0.24835038
20171025-075340-2.jpg,3,8,0.07476639,0.053387608,0.0079389177,0.15785813,0.051476005,0.14044943,0.010943945,0.080318481,0.42286107
20171025-075622-1.jpg,3,8,0.032347541,0.01888716,0.18096608,0.19979917,0.1409359,0.036012523,0.034041196,0.032982215,0.32402819
20171025-075942-2.jpg,3,8,0.082125396,0.15399995,0.024518115,0.15778159,0.11124762,0.034487087,0.023451693,0.070054963,0.34233353
20171025-075943-3.jpg,3,8,0.052738722,0.074408092,0.00045763384,0.033932559,0.0025054736,0.16758278,0.007775784,0.07833036,0.58226854
20171025-080026-1.jpg,3,3,0.031312313,0.045441061,0.019211555,0.35764959,0.15939231,0.0075384653,0.0031495923,0.034800258,0.34150481
20171025-080109-1.jpg,3,8,0.029343732,0.0099138236,0.0043225065,0.074714556,0.043981843,0.0084980922,0.0035634483,0.014074396,0.81158763
20171025-080341-1.jpg,3,4,0.01810162,0.0033796264,0.0098110288,0.33358058,0.51880997,0.0027693936,0.0008684019,0.023642851,0.089036562
20171025-080400-1.jpg,3,3,0.020368345,0.0031555381,0.010714478,0.43105766,0.27772117,0.0042092786,0.0012004385,0.020704394,0.23086865
20171025-080431-1.jpg,3,8,0.020069972,0.0048858039,0.013349034,0.28523836,0.1590319,0.0052739214,0.0017733142,0.019378118,0.49099952
20171025-080548-2.jpg,3,3,0.12533356,0.036352325,0.011392298,0.35200432,0.073058054,0.023401862,0.0045681992,0.1458105,0.22807892
20171025-080953-1.jpg,3,4,0.01577743,0.0032855095,0.056572605,0.3039825,0.46643543,0.0030591346,0.0026242535,0.014137518,0.13412561
20171025-081051-3.jpg,3,4,0.021516681,0.018247271,0.038504351,0.32983992,0.47512326,0.0097490605,0.0033345704,0.036551885,0.067133076
20171025-081322-2.jpg,3,3,0.034460481,0.0094963023,0.032386832,0.43338394,0.31088629,0.0079444703,0.0024409995,0.042834178,0.12616655
20171025-081548-1.jpg,3,8,0.021125296,0.008366948,0.022655504,0.28271657,0.16349734,0.020158067,0.0099683823,0.033246662,0.4382652
20171025-081556-2.jpg,3,8,0.1196476,0.030225778,0.012383832,0.2428858,0.09842252,0.02076165,0.0051971353,0.11904686,0.35142878
20171025-081726-2.jpg,3,8,0.042657431,0.0092969304,0.088727213,0.23971847,0.21972665,0.014792527,0.0085690925,0.039971247,0.33654049
20171025-081740-1.jpg,0,0,0.44337922,0.010525845,0.0024574292,0.028328517,0.01064364,0.011845695,0.00073992013,0.25964716,0.23243256
20171025-081752-2.jpg,3,8,0.058551218,0.021860903,0.058448564,0.1841993,0.21865638,0.031088231,0.035137709,0.072030455,0.32002726
20171025-081905-1.jpg,0,0,0.38843918,0.014583305,0.00072732492,0.0038235353,0.0025255396,0.0029212073,0.0036143481,0.27064106,0.3127245
20171025-082130-2.jpg,3,8,0.094315305,0.010794042,0.056888323,0.18082583,0.26240551,0.018002059,0.0062218849,0.086146124,0.28440088
20171025-082241-2.jpg,3,4,0.036170796,0.004728565,0.06923259,0.17324956,0.60217059,0.0039427634,0.0025509789,0.023838315,0.084115878
20171025-082253-1.jpg,0,0,0.47431242,0.0036540078,0.00043335758,0.0032052228,0.00086231215,0.010956964,0.000407477,0.11824077,0.38792753
20171025-082303-3.jpg,3,3,0.028793018,0.018150954,0.02973769,0.40347037,0.34130454,0.0061959536,0.004770651,0.051281087,0.11629581
20171025-082312-1.jpg,0,8,0.44254392,0.0033906896,0.0005302896,0.0056730933,0.0017466802,0.019371543,0.00046090508,0.073461778,0.45282117
20171025-082605-1.jpg,3,3,0.013006242,0.001109515,0.015659632,0.37699863,0.37079799,0.00207525,0.00072816666,0.012090965,0.20753367
20171025-082709-2.jpg,3,3,0.077313446,0.012288449,0.048406735,0.28374541,0.20007521,0.012089131,0.0052554058,0.10504735,0.25577882
20171025-082818-1.jpg,0,8,0.1257433,0.0079685049,0.01097654,0.049532324,0.028027974,0.015544922,0.002590325,0.072564863,0.68705124
20171025-082829-3.jpg,3,4,0.01224459,0.0026632182,0.025587384,0.21524137,0.65032947,0.0025684042,0.00073189486,0.019237699,0.071395934
20171025-083151-3.jpg,7,7,0.2268301,0.087972119,0.014158956,0.081289597,0.02831199,0.044058248,0.020679891,0.38813376,0.10856536
20171025-090121-2.jpg,3,3,0.039648551,0.015909815,0.020425156,0.43866801,0.25552383,0.0056900405,0.0019307199,0.034756176,0.18744771
20171025-090316-1.jpg,3,4,0.01856479,0.0034710614,0.1214039,0.10792104,0.54639477,0.0026720746,0.0051149502,0.024404243,0.17005315
20171025-090608-1.jpg,3,4,0.021202918,0.01370153,0.26399118,0.19765913,0.30922318,0.020012105,0.019551538,0.021652909,0.13300556
20171025-090643-1.jpg,3,4,0.020104105,0.0064063068,0.034311093,0.24912266,0.56485587,0.0028489679,0.0024710377,0.026193684,0.093686312
20171025-090747-2.jpg,3,4,0.015779633,0.0097051971,0.056616854,0.33671492,0.46971118,0.0038111263,0.0033025418,0.029244563,0.075113907
20171025-090836-1.jpg,3,3,0.028346326,0.013069576,0.029136229,0.41502121,0.33576289,0.0057444549,0.0041647153,0.047596097,0.12115847
20171025-090845-3.jpg,3,3,0.026617149,0.07557977,0.013142318,0.37144449,0.26400319,0.0081691016,0.0062727272,0.058326539,0.17644471
20171025-091030-1.jpg,3,3,0.10511136,0.034157962,0.048225887,0.26445511,0.15388364,0.043975893,0.006438795,0.10864138,0.23510998
20171025-091108-2.jpg,3,2,0.031186715,0.0092953779,0.30988643,0.19547294,0.21252489,0.0094838049,0.0067491638,0.041790426,0.18361031
20171025-091126-3.jpg,3,4,0.014789323,0.014209076,0.19894253,0.21740425,0.40025708,0.0074214055,0.0077859499,0.017263515,0.12192687
20171025-091240-2.jpg,3,4,0.037789252,0.017403541,0.16129205,0.26731452,0.34294471,0.012452254,0.017225005,0.031785432,0.11179329
20171025-091328-1.jpg,3,3,0.037649773,0.0057646683,0.20247033,0.27025646,0.25651997,0.0052931407,0.0047807056,0.031521648,0.18574327
20171025-091416-1.jpg,3,3,0.050204806,0.0087605957,0.012512985,0.42062488,0.36175621,0.0028332849,0.00088261679,0.0597836,0.082640983
20171025-091430-1.jpg,3,8,0.047906872,0.23404744,0.010273189,0.020014698,0.0077133267,0.021260228,0.26797429,0.11750145,0.27330849
20171025-091641-1.jpg,3,8,0.029277718,0.015490231,0.0086362921,0.35082591,0.11920929,0.0067840167,0.0020719552,0.034927089,0.43277752
20171025-091659-1.jpg,3,4,0.059724689,0.019084534,0.033662423,0.27223191,0.33749866,0.016738342,0.011061907,0.073078848,0.17691873
20171025-091745-1.jpg,3,8,0.014726478,0.0060204333,0.022400603,0.3382692,0.11670381,0.012701042,0.0028554499,0.020534385,0.4657886
20171025-092049-3.jpg,3,8,0.0095199151,0.0056047803,0.13210809,0.2095983,0.20245628,0.0085017057,0.0083521772,0.012377172,0.41148162
20171025-092207-1.jpg,3,8,0.019018359,0.013082157,0.0023863318,0.0236197,0.0044513978,0.01556178,0.019349666,0.021222685,0.88130796
20171025-092305-3.jpg,3,8,0.016494082,0.0065242155,0.21728225,0.068553865,0.15961619,0.013248792,0.016582957,0.013489625,0.48820803
20171025-092336-2.jpg,3,4,0.034536894,0.008152891,0.034915123,0.26785994,0.34904936,0.007248594,0.0026132381,0.032018322,0.26360574
20171025-092349-1.jpg,3,8,0.028919265,0.017535303,0.0068940525,0.28806028,0.10190524,0.0053851977,0.0019789282,0.042310812,0.50701094
20171025-092405-2.jpg,3,4,0.0080145439,0.0014227297,0.095366724,0.20269732,0.60427415,0.0017598103,0.0022198264,0.011787469,0.072457455
20171025-092445-1.jpg,3,3,0.034662958,0.0059436415,0.049326733,0.48485965,0.20369448,0.010051209,0.0021973017,0.041986279,0.16727777
20171025-092638-1.jpg,3,8,0.028838389,0.02565412,0.026841385,0.30209681,0.16196416,0.010175289,0.010009136,0.041131578,0.39328915
20171025-092653-3.jpg,7,7,0.21419053,0.10650839,0.0022759053,0.029740997,0.0045037474,0.073491417,0.009876064,0.37107849,0.18833441
20171025-092711-3.jpg,7,8,0.1209804,0.07508941,0.018774567,0.17047933,0.077912234,0.01347451,0.013175975,0.18380637,0.32630718
20171025-092759-3.jpg,7,8,0.20679256,0.04196918,0.03526406,0.12649277,0.051954366,0.022282247,0.00801895,0.21598276,0.29124311
20171025-092802-1.jpg,3,8,0.047670253,0.0084603289,0.029419821,0.17011328,0.15737393,0.016763227,0.0065987776,0.053363841,0.51023656
20171025-092817-1.jpg,3,8,0.0066756131,0.00054788624,0.0082219467,0.060234468,0.019589476,0.0038768565,0.0010448871,0.0064286077,0.89338022
20171025-092835-1.jpg,3,8,0.013853712,0.0022999772,0.019739758,0.37994227,0.16662541,0.0022455899,0.0025058975,0.016440669,0.39634678
20171025-092853-2.jpg,3,3,0.0078769065,0.001897498,0.029504534,0.44232917,0.32799524,0.0023273777,0.0012098593,0.011010065,0.17584939
20171025-092934-1.jpg,3,8,0.018845733,0.0068076351,0.0094500324,0.19733723,0.064308159,0.0061926674,0.0037770672,0.014338538,0.67894298
20171025-093019-2.jpg,3,8,0.055897407,0.022722758,0.038336284,0.32647651,0.11047512,0.014852445,0.0055195419,0.074733056,0.35098684
20171025-093048-2.jpg,3,3,0.083257623,0.012154517,0.011113784,0.41870967,0.11690038,0.005486208,0.0010669772,0.066364303,0.28494659
20171025-093155-1.jpg,3,8,0.017938346,0.063017972,0.0025850441,0.040834732,0.01279026,0.0039154096,0.020257704,0.027575713,0.81108481
20171025-093218-2.jpg,3,4,0.012186927,0.004261164,0.038766701,0.33038783,0.45763886,0.0027123359,0.0024741583,0.016928941,0.13464306
20171025-093452-1.jpg,3,4,0.010206698,0.0029814667,0.054433346,0.30741641,0.40747079,0.0027890527,0.0045749513,0.014953832,0.19517347
20171025-093514-1.jpg,3,4,0.057062682,0.0099250544,0.038420949,0.2997354,0.30112526,0.016021367,0.0041417005,0.038863964,0.23470363
20171025-093549-1.jpg,3,3,0.028411224,0.0044085439,0.0088712163,0.40313137,0.17691441,0.0046596867,0.0011360337,0.025938014,0.34652954
20171025-093624-1.jpg,3,8,0.14917874,0.011320939,0.013566277,0.044772815,0.013761374,0.081313387,0.0046354914,0.14419304,0.53725791
20171025-093745-2.jpg,3,4,0.0075590601,0.0023012753,0.071658619,0.31188834,0.4748348,0.0023352399,0.0028563433,0.011121551,0.11544476
20171025-093959-3.jpg,7,8,0.055401247,0.039040051,0.033887234,0.19299945,0.18616258,0.039145447,0.017339997,0.13791077,0.29811326
20171025-094114-2.jpg,3,3,0.013973551,0.0036401269,0.03047394,0.46970573,0.39578441,0.0032361324,0.0016903973,0.013166853,0.068328805
20171025-094342-2.jpg,3,3,0.025858413,0.013712786,0.014408601,0.51099324,0.092650175,0.0045155953,0.003546485,0.083772376,0.25054225
20171025-094654-1.jpg,3,8,0.098380722,0.02980843,0.012951999,0.15839128,0.063434437,0.060829349,0.0078312233,0.12244537,0.4459272
20171025-094805-2.jpg,3,8,0.025520077,0.059863966,0.14316958,0.20478834,0.19446088,0.012832925,0.085943021,0.063065447,0.21035571
20171025-094836-1.jpg,3,8,0.032212108,0.026084511,0.0052426313,0.075431325,0.034146465,0.018126478,0.045327708,0.031987153,0.73144156
20171025-095017-3.jpg,3,8,0.048605334,0.040295899,0.12283683,0.16435483,0.048688505,0.0048704064,0.029408474,0.039382171,0.50155759
20171025-095149-1.jpg,3,8,0.014593463,0.0039879763,0.026999235,0.26563063,0.28134426,0.0046409918,0.0037287062,0.01305863,0.38601607
20171025-095238-2.jpg,3,4,0.0031974267,0.00056597911,0.019090716,0.15894637,0.76911783,0.00090340024,0.00048661872,0.003574711,0.044116959
20171025-095344-1.jpg,3,8,0.032564186,0.035362191,0.12277234,0.088491291,0.029664518,0.083694033,0.040518604,0.022377854,0.54455495
20171025-095541-2.jpg,3,4,0.012390741,0.0011792306,0.11431628,0.29153413,0.45611331,0.0032358067,0.002707493,0.0092856605,0.1092374
20171025-095611-1.jpg,3,8,0.03068145,0.0044336999,0.020792844,0.33316994,0.14772993,0.0073956964,0.0040675732,0.033193991,0.4185349
20171025-095632-2.jpg,3,4,0.016295902,0.0038580084,0.18349405,0.17814779,0.42276236,0.0037097009,0.0040505049,0.030440575,0.15724103
20171025-095638-1.jpg,3,8,0.019691754,0.00095476891,0.0048609045,0.3189334,0.25170031,0.0020714656,0.00045493059,0.010865836,0.39046663
20171025-095706-3.jpg,3,8,0.015759196,0.0053574825,0.061352652,0.2420669,0.15159649,0.0014483657,0.0021839668,0.015163091,0.50507182
20171025-095741-3.jpg,3,4,0.006965504,0.0032740957,0.14842451,0.27768117,0.35659313,0.0023345891,0.01050452,0.0070257634,0.18719667
20171025-095903-3.jpg,3,3,0.016765054,0.0080463616,0.020060183,0.54240888,0.29843557,0.0021238362,0.0017914855,0.023629433,0.086739257
20171025-095957-1.jpg,3,3,0.054771658,0.029356994,0.018360276,0.34331584,0.10390631,0.024275437,0.0076234946,0.090439782,0.32795018
20171025-100012-2.jpg,3,3,0.030006094,0.0080124158,0.057337098,0.36846375,0.32983488,0.0046928274,0.0044826274,0.026308252,0.170862
20171025-100255-2.jpg,3,4,0.0087339235,0.0064879898,0.12547059,0.33286896,0.36597136,0.0037723184,0.0039022926,0.012546898,0.14024565
20171025-100327-2.jpg,3,4,0.026675265,0.010598069,0.069173194,0.18773969,0.33818635,0.0054312269,0.015934883,0.026489293,0.31977198
20171025-100346-2.jpg,3,3,0.0086961677,0.0026228142,0.005849455,0.50446022,0.10967504,0.0017904367,0.0015352811,0.01189706,0.35347351
20171025-100510-2.jpg,3,4,0.016948679,0.0084020402,0.048694439,0.30234376,0.44686425,0.0039166561,0.0039928821,0.029054841,0.13978246
20171025-100715-2.jpg,3,8,0.03998692,0.0045575332,0.014277945,0.29076889,0.087615952,0.017140871,0.003621531,0.045060594,0.49696976
20171025-100822-2.jpg,3,4,0.035700455,0.0061901547,0.027476022,0.26618791,0.36838809,0.0063622864,0.0014883515,0.032124754,0.25608194
20171025-100830-3.jpg,3,8,0.016849933,0.0042857509,0.098743349,0.28809613,0.17746958,0.0062904162,0.0084505156,0.020314315,0.37949994
20171025-100848-3.jpg,3,4,0.0157921,0.0098754978,0.2440138,0.17943114,0.36681753,0.0083498396,0.011004833,0.021737404,0.14297791
20171025-101138-1.jpg,3,4,0.031304792,0.0041743019,0.014707264,0.28525683,0.37300137,0.0051259417,0.0019962855,0.032115392,0.25231788
20171025-101302-1.jpg,3,3,0.027108997,0.0076065315,0.014198224,0.50990313,0.20721638,0.0042955759,0.0013395373,0.030270299,0.19806138
20171025-172145-3.jpg,3,2,0.0036975029,0.0011864522,0.49198616,0.10539213,0.25262275,0.0037189228,0.0075495662,0.0056770057,0.12816948
20171102-092924-3.jpg,4,8,0.012480295,0.016339859,0.19680884,0.13329634,0.17998725,0.01088082,0.020191556,0.025225615,0.40478942
20171102-093205-2.jpg,4,3,0.018170945,0.015054367,0.052300718,0.41317335,0.35398489,0.0056774989,0.0042308643,0.024485091,0.11292233
20171102-093305-1.jpg,4,4,0.050155152,0.031005178,0.054090746,0.17398685,0.38570711,0.011291217,0.0042656739,0.042951025,0.24654707
20171102-093326-1.jpg,4,4,0.0087683722,0.0051848628,0.041634895,0.17344922,0.61271691,0.0077033821,0.0046890234,0.0099626342,0.13589072
20171102-093339-2.jpg,4,8,0.088710368,0.033877466,0.0028613049,0.20382169,0.055163991,0.0095229801,0.001124257,0.10977243,0.49514559
20171102-093342-3.jpg,4,2,0.035761695,0.018091779,0.28536597,0.065445714,0.26214838,0.011484577,0.017369768,0.049400881,0.25493121
20171102-093459-1.jpg,4,8,0.010939299,0.0047316239,0.10560422,0.22998829,0.12627372,0.0031397995,0.0033613506,0.01288686,0.50307482
20171102-093629-3.jpg,4,4,0.0067674476,0.0014278252,0.18674651,0.094287246,0.54503125,0.0017314459,0.0053067398,0.0054752147,0.1532263
20171102-093936-1.jpg,4,4,0.012055475,0.0063531888,0.069683276,0.26365998,0.55647546,0.0030005432,0.0028015175,0.016815851,0.06915465
20171102-094000-1.jpg,4,2,0.0096925655,0.0082051512,0.36030427,0.17151047,0.28452396,0.0061599039,0.0096064238,0.015900386,0.1340968
20171102-094653-2.jpg,4,4,0.0047879322,0.0027709419,0.055084422,0.23454463,0.49444661,0.0040237051,0.0052358238,0.0093747228,0.18973121
20171102-094714-3.jpg,4,8,0.02475314,0.01562681,0.031207332,0.059276327,0.095380895,0.010324948,0.014587617,0.041618939,0.70722401
20171102-095154-1.jpg,4,3,0.023231527,0.044897713,0.016303567,0.43320081,0.26022416,0.0075950767,0.0045049321,0.034738127,0.17530409
20171102-095239-1.jpg,4,8,0.019522341,0.012171342,0.037730109,0.035413161,0.015303586,0.042373121,0.040605359,0.0083321873,0.78854889
20171102-095632-3.jpg,4,8,0.0085627791,0.0030580864,0.21713372,0.095038481,0.17349549,0.0030389477,0.0075971377,0.010935961,0.48113942
20171102-095706-3.jpg,4,8,0.075288825,0.041518703,0.01579701,0.10567135,0.1742774,0.024727181,0.020845775,0.10683589,0.43503782
20171102-095843-1.jpg,4,2,0.011343685,0.0053815413,0.45297727,0.10955174,0.23080678,0.0047282609,0.01147786,0.014470962,0.1592619
20171102-100049-1.jpg,4,4,0.010474066,0.017548021,0.10524681,0.096048914,0.3957811,0.0043401793,0.0087428596,0.010818041,0.35100001
20171102-100226-1.jpg,4,4,0.047882415,0.045294736,0.091474019,0.14362134,0.28204462,0.033618752,0.061194748,0.058927577,0.23594177
20171102-100310-2.jpg,4,4,0.019557275,0.010454511,0.066238448,0.22565298,0.37503013,0.0047400086,0.0066468511,0.022326777,0.26935294
20171102-100322-1.jpg,8,4,0.0053489474,0.0025514141,0.20424236,0.19787073,0.35842618,0.0014212437,0.0054774052,0.011371787,0.21328989
20171102-100343-2.jpg,8,8,0.0071631805,0.0010177325,0.020692302,0.075405926,0.029944977,0.0010749992,0.0010012424,0.0090860454,0.85461354
20171102-100725-2.jpg,4,8,0.031543288,0.011099413,0.087013192,0.1318164,0.34023005,0.0065569561,0.0153497,0.030820092,0.34557092
20171102-102254-1.jpg,2,2,0.0011232273,0.0007931958,0.85158741,0.026825231,0.033219166,0.0015653524,0.0031445755,0.0012567654,0.080485083
20171102-102316-1.jpg,2,2,0.0012586251,0.0014023434,0.90607363,0.021353947,0.035497516,0.0030644797,0.004627733,0.001905814,0.024815924
20171102-102521-2.jpg,2,2,0.00054398866,0.00033611374,0.97186959,0.0050514797,0.0051882546,0.00051838945,0.0011185845,0.00055652478,0.01481703
20171102-102657-3.jpg,2,2,0.0025737553,0.0014723293,0.64367855,0.037462957,0.038545217,0.0026486765,0.0065745083,0.0026885574,0.26435545
20171102-102854-1.jpg,2,2,0.00091637881,0.00071890914,0.9184677,0.021423981,0.022935202,0.002564173,0.0034711962,0.0011044675,0.028397966
20171102-103146-2.jpg,2,2,0.010233374,0.0027357123,0.46258384,0.10257529,0.11889801,0.0029816879,0.0037122804,0.008939595,0.28734025
20171102-103606-1.jpg,2,2,0.0017138608,0.0011229262,0.88439381,0.035606399,0.030624337,0.0015748673,0.003946851,0.002275591,0.038741421
20171102-103617-3.jpg,2,2,0.028450049,0.024565345,0.35998529,0.031716168,0.14566173,0.047071408,0.065195523,0.025811501,0.27154297
20171102-103940-2.jpg,2,4,0.041329026,0.031950738,0.17166971,0.12222503,0.29325137,0.046355411,0.025259333,0.064465538,0.20349386
20171102-104458-1.jpg,2,4,0.0039648926,0.0016766259,0.32706776,0.095529765,0.41054156,0.0056510437,0.0094087794,0.0055507291,0.14060894
20171102-105632-2.jpg,2,2,0.005353373,0.0045135906,0.67084676,0.059273623,0.083456367,0.0070466441,0.014930886,0.0081060519,0.14647268
20171102-115100-1.jpg,2,2,0.0021724512,0.0020179753,0.91833556,0.016887575,0.023825034,0.0042168545,0.0059609702,0.0026745088,0.023909083
20171102-115311-2.jpg,2,8,0.0095133167,0.0020258855,0.29956681,0.14220944,0.21947846,0.0069524744,0.0042678704,0.007791922,0.30819383
20171102-115337-2.jpg,2,2,0.0026710422,0.0022782732,0.85525912,0.02348228,0.020511368,0.0081079584,0.01068661,0.0036057974,0.073397584
20171102-115409-1.jpg,2,2,0.0023545292,0.0012231445,0.91679436,0.014356449,0.0091922162,0.0027563092,0.0050038132,0.0025263978,0.04579274
20171102-115445-3.jpg,2,2,0.0023333521,0.0018335293,0.87769026,0.0163313,0.01960793,0.0082246345,0.0062763956,0.0022733549,0.065429293
20171102-115453-2.jpg,2,2,0.0014660504,0.0014310783,0.94041193,0.014100704,0.010741879,0.0029363865,0.0042832075,0.0020631822,0.022565505
20171102-115533-3.jpg,2,2,0.011122313,0.0036298586,0.50609422,0.086696178,0.2004506,0.0042708539,0.022606578,0.015437363,0.14969201
20171102-115622-3.jpg,2,2,0.0014870808,0.0017620779,0.91846085,0.027042249,0.026343644,0.0032674405,0.0041918028,0.0021459972,0.015298771
20171102-115748-1.jpg,2,2,0.015168894,0.010839237,0.49218106,0.085678071,0.16943344,0.012054317,0.020593453,0.020292012,0.17375953
20171102-115830-3.jpg,2,2,0.0037019709,0.0036115863,0.91615665,0.010935614,0.0082753021,0.007404482,0.0050642616,0.0049887705,0.039861351
20171102-115918-3.jpg,2,8,0.016833406,0.005247084,0.20961607,0.1094953,0.20126748,0.0041331328,0.015468342,0.013975428,0.42396376
20171102-115938-3.jpg,2,2,0.0018465818,0.0013421337,0.94454646,0.012320124,0.009905274,0.0047762999,0.0042535025,0.0016120342,0.019397561
20171102-120152-1.jpg,2,2,0.0023112218,0.0013154823,0.76194972,0.016016494,0.01208114,0.002273279,0.0096362373,0.0016339375,0.19278248
20171102-120302-3.jpg,2,2,0.0032305645,0.0014104759,0.80089802,0.024453947,0.013791287,0.0037336149,0.0046680444,0.0043734256,0.14344071
20171102-120320-2.jpg,2,2,0.0031021584,0.0014291896,0.86630607,0.036708161,0.045998022,0.0021289126,0.0042317593,0.00245176,0.037643988
20171102-120336-2.jpg,2,2,0.0018497362,0.00078370195,0.86375231,0.021532474,0.053088848,0.0015125331,0.0033310207,0.0021716687,0.051977728
20171102-120404-1.jpg,2,2,0.0046477681,0.0012282067,0.89235878,0.025857771,0.013599898,0.0029104012,0.003164243,0.0036134897,0.052619398
20171102-120725-1.jpg,2,2,0.031604934,0.0039034702,0.38887975,0.086481407,0.064071782,0.013524568,0.012310565,0.018079786,0.38114378
20171102-120830-1.jpg,2,2,0.011258883,0.0036079811,0.61396021,0.071380369,0.1332096,0.0038614061,0.0067006475,0.010056494,0.14596438
20171102-120950-3.jpg,2,2,0.0034491785,0.0020460922,0.88328695,0.013521875,0.011268497,0.0064865681,0.0083923778,0.0037159775,0.06783244
20171102-121052-3.jpg,2,2,0.012920601,0.007275071,0.62169749,0.030247837,0.10595949,0.0067509273,0.036520086,0.015522505,0.16310601
20171102-121121-1.jpg,2,2,0.0038913984,0.0020300769,0.70435774,0.12470471,0.10143339,0.0021693374,0.0026250188,0.0042556967,0.05453261
20171102-121129-3.jpg,2,8,0.048463747,0.019216241,0.049867645,0.030893456,0.089657672,0.048028786,0.018150946,0.05750424,0.63821727
20171102-121141-1.jpg,2,2,0.0045218347,0.0035509383,0.67290062,0.12456174,0.09719228,0.0032034104,0.0060504936,0.0052038459,0.08281485
20171102-121309-3.jpg,2,2,0.006611215,0.0054271854,0.83576149,0.031284474,0.028954089,0.0095115239,0.012492858,0.0089173643,0.061039809
20171102-121401-2.jpg,2,2,0.0019647018,0.0010912778,0.86500704,0.040058162,0.052339789,0.0022776958,0.0024870846,0.0024156324,0.032358725
20171102-121434-2.jpg,2,8,0.010305612,0.0020166594,0.21673754,0.10375516,0.14313591,0.0040154085,0.0051909238,0.013514593,0.50132817
20171102-121548-2.jpg,2,2,0.0079489006,0.0033167964,0.66219085,0.059296649,0.16321833,0.0042658094,0.0065016402,0.011225435,0.082035556
20171102-121702-2.jpg,2,2,0.0055660219,0.0031870003,0.63770413,0.069072463,0.070805833,0.004091023,0.006944085,0.0071876035,0.19544183
20171102-121759-3.jpg,2,2,0.00064476498,0.00026141762,0.94521677,0.0081993425,0.0050045135,0.0010655108,0.0026551066,0.00059548527,0.036356963
20171102-122003-2.jpg,2,2,0.0010036917,0.00053954183,0.94009733,0.011631065,0.014967492,0.0012766443,0.0019936005,0.0015463742,0.026944412
20171102-122133-2.jpg,2,2,0.0050048381,0.0022724716,0.79456025,0.036853597,0.036432177,0.0088372827,0.0085788574,0.0066853059,0.10077513
20171102-122300-2.jpg,2,2,0.0020695138,0.0016378182,0.84814543,0.02214439,0.038153332,0.0029771056,0.0090320604,0.0028269503,0.073013425
20171102-122443-1.jpg,2,2,0.0070857471,0.0022128765,0.66509742,0.06089589,0.13741572,0.0024453078,0.0050113439,0.0091680121,0.11066767
20171102-122541-2.jpg,2,2,0.0055968626,0.0023711333,0.79034323,0.026525019,0.031594809,0.010370423,0.0098904129,0.0059805457,0.1173277
20171102-122633-3.jpg,2,8,0.008294072,0.0039771185,0.28660774,0.07237006,0.14531375,0.011766087,0.014890176,0.0066297757,0.45015115
20171102-122709-2.jpg,2,2,0.0025619329,0.0022351982,0.7571829,0.066316135,0.066519819,0.0036252881,0.0053678122,0.0068722935,0.089318655
20171102-122750-1.jpg,2,2,0.0029860616,0.002157744,0.86125261,0.024697464,0.020006763,0.0020587179,0.0051483824,0.0045946892,0.077097438
20171102-122804-2.jpg,2,2,0.014152049,0.0056604734,0.6893127,0.059256066,0.10503916,0.0085263969,0.0085075051,0.018148305,0.091397412
20171102-122825-1.jpg,2,2,0.0092889294,0.0040179323,0.29567316,0.22953974,0.26792455,0.0026856447,0.0048416941,0.026744517,0.15928382
20171102-122830-2.jpg,2,8,0.028765272,0.011086383,0.26702556,0.086227901,0.1174188,0.017805982,0.032728545,0.024893116,0.41404852
20171102-122851-3.jpg,2,8,0.041540191,0.027342558,0.12407934,0.17636229,0.19907413,0.013693526,0.025970567,0.083271123,0.30866626
20171102-122909-1.jpg,2,2,0.0017571793,0.0011964255,0.8535344,0.025445567,0.038718402,0.003109064,0.0056184675,0.0023948385,0.068225704
20171102-123002-2.jpg,2,8,0.07523264,0.028208649,0.23350674,0.097565562,0.033130139,0.04936906,0.013665004,0.076508969,0.39281321
20171102-123036-3.jpg,2,2,0.015446699,0.005971923,0.67441916,0.039922908,0.073706694,0.016807944,0.020865826,0.014750156,0.1381087
20171102-123107-2.jpg,2,2,0.0022925732,0.00085901219,0.85931426,0.033078227,0.048521169,0.0012831161,0.0029552903,0.0030488353,0.048647393
20171102-123125-1.jpg,2,2,0.0062708636,0.0019343455,0.7754913,0.046150781,0.036992367,0.0044884258,0.0026764732,0.0077569359,0.11823852
20171102-123156-1.jpg,2,2,0.001714608,0.00074986083,0.91576368,0.017382102,0.025131494,0.0019179236,0.0046538324,0.0011473708,0.031539142
20171102-123211-2.jpg,2,2,0.0017940155,0.0005297343,0.90558171,0.014577645,0.018701604,0.00087447296,0.0023668746,0.0012636326,0.054310344
20171102-123238-1.jpg,2,2,0.0039392752,0.0013257577,0.80853319,0.020752545,0.0096635027,0.0037633865,0.0038943398,0.0039223707,0.14420567
20171102-123253-1.jpg,2,2,0.0032486967,0.00092956651,0.82263982,0.023973266,0.017197492,0.003678001,0.0041852323,0.0023427326,0.12180515
20171102-123303-2.jpg,2,2,0.0047450857,0.001253624,0.78183866,0.047262762,0.056938231,0.0022625504,0.0030399405,0.0038893705,0.098769762
20171102-123338-2.jpg,2,2,0.0012312256,0.00060089835,0.74563074,0.0199617,0.015254087,0.0018638084,0.0055710603,0.00092896045,0.20895752
20171102-123402-1.jpg,2,8,0.0088488152,0.0015720037,0.33413565,0.065690011,0.035741199,0.0029372356,0.008318712,0.0075507979,0.5352056
20171102-123451-3.jpg,2,8,0.027688636,0.01216168,0.28023371,0.036086608,0.11115453,0.0069307233,0.042075463,0.024403917,0.45926473
20171102-123516-3.jpg,2,2,0.0075896061,0.0030210852,0.69036371,0.033845309,0.04534987,0.0094465744,0.017595343,0.0060039926,0.18678458
20171102-123523-1.jpg,2,2,0.0040376028,0.0012417274,0.56180412,0.02810107,0.039744619,0.0033322221,0.0091406424,0.0037567699,0.34884122
20171108-124115-3.jpg,5,8,0.046763703,0.11172222,0.0043981159,0.007935903,0.0019760102,0.18119237,0.08069288,0.1219435,0.44337523
20171108-124937-3.jpg,5,8,0.22904445,0.0084396219,0.0001999181,0.0022202088,0.00078717514,0.34972596,0.011836772,0.038759433,0.35898641
20171108-125451-3.jpg,5,8,0.093104571,0.060229152,0.0077872877,0.010619585,0.0074930158,0.25228184,0.079284385,0.062433578,0.4267666
20171108-125657-3.jpg,5,8,0.33385909,0.0047680731,0.00047433231,0.0010031001,0.00050807395,0.074833222,0.0085082371,0.10274857,0.47329736
20171108-130147-3.jpg,5,8,0.03492374,0.032208852,0.0043921019,0.0035625899,0.001767111,0.07002873,0.10449638,0.045067456,0.70355308
20171108-130308-3.jpg,5,8,0.17395638,0.040489659,0.0047141854,0.027801046,0.010214133,0.10213969,0.03171514,0.28012213,0.32884768
20171108-130728-3.jpg,5,5,0.013521852,0.00078169338,2.1706086e-05,5.4786327e-05,2.2116814e-05,0.95855457,0.0033201829,0.0023079605,0.021415051
20171109-071008-3.jpg,5,8,0.096947558,0.0030207033,0.00019984106,0.00073166826,0.00031588814,0.30464354,0.01950625,0.01912934,0.55550522
20171109-071031-1.jpg,5,5,0.0081024654,0.0082523823,4.4664073e-05,0.00039839422,7.1220275e-05,0.7807247,0.0070056552,0.0024491511,0.19295129
20171109-071111-1.jpg,5,8,0.0070659686,0.007210026,0.00070190313,0.0012542255,0.00053919171,0.40096515,0.010659247,0.0023153429,0.56928897
20171109-071352-1.jpg,5,8,0.075206868,0.0082937218,0.0002466577,0.00046261333,0.00013335606,0.27244914,0.023070093,0.031318303,0.58881927
20171109-071422-3.jpg,5,8,0.0044201841,0.0036635192,0.00040049388,0.00078116509,0.00027146109,0.024180984,0.030781159,0.00143984,0.93406117
20171109-071437-1.jpg,5,8,0.10891419,0.33729219,0.00011867769,0.0023865246,0.00038750473,0.15037908,0.00861983,0.030735031,0.36116695
20171109-071525-3.jpg,5,5,0.061997481,0.0064223479,0.0014454252,0.00302145,0.0012485478,0.4507533,0.018352661,0.015415026,0.44134375
20171109-071722-1.jpg,5,8,0.036886819,0.0063472432,0.00011528495,0.00031696216,9.979726e-05,0.3766427,0.02808243,0.0077828262,0.54372591
20171109-071918-3.jpg,5,8,0.031225856,0.010995278,0.00017189431,0.0015485198,0.00030424932,0.43591976,0.0098288096,0.019108405,0.4908973
20171109-071938-3.jpg,5,8,0.29666942,0.013653484,0.00027438087,0.0011981367,0.00051878358,0.26075861,0.019973306,0.049325552,0.35762832
20171109-072120-3.jpg,5,5,0.050905522,0.048049241,0.00043743153,0.0041702772,0.0010494184,0.44766644,0.015057361,0.029936409,0.4027279
20171109-072202-1.jpg,5,8,0.044597793,0.015927795,0.0012260791,0.00092207041,0.00029726175,0.068901516,0.0074399225,0.030508175,0.83017939
20171109-072302-3.jpg,5,5,0.033649225,0.0059139682,0.00017976075,0.001193868,0.0002796257,0.5194816,0.014766137,0.0075576017,0.41697824
20171109-072524-1.jpg,5,8,0.12543657,0.017036367,0.00022702316,0.0015720555,0.00019589275,0.14274484,0.015631096,0.080054589,0.61710155
20171109-072633-3.jpg,5,5,0.013466197,0.0045622159,3.9571238e-05,0.00032094744,7.3823467e-05,0.62190807,0.0043458515,0.0050022518,0.35028103
20171109-072843-3.jpg,5,8,0.014122679,0.014589232,0.0012680005,0.0017137225,0.00037174663,0.21196316,0.026032971,0.0055804658,0.72435802
20171109-073102-3.jpg,5,5,0.017391823,0.0036102533,8.9487614e-05,0.00061198731,0.0001750434,0.48631406,0.0085793249,0.0041859769,0.47904208
20171109-073214-3.jpg,5,8,0.0080147702,0.012253965,0.00022397008,0.0036263196,0.00067615922,0.033998843,0.0018084184,0.0047801025,0.9346174
20171109-073346-3.jpg,5,8,0.0066274656,0.004252532,0.00043895867,0.0014244565,0.00046642279,0.097078308,0.0057691121,0.0018264794,0.88211626
20171109-073510-1.jpg,5,8,0.084301881,0.07991109,0.00044052853,0.0029400503,0.00070863252,0.20958254,0.057488728,0.061796919,0.50282961
20171109-073626-1.jpg,5,8,0.030655641,0.046323352,6.890537e-05,0.0027165713,0.00024388828,0.40709767,0.01164269,0.018634833,0.48261636
20171109-073645-1.jpg,5,5,0.014927685,0.017683946,0.00047863595,0.0026555709,0.0011394189,0.70246756,0.0043711769,0.0043437667,0.25193214
20171109-073837-1.jpg,5,5,0.026505342,0.0092817061,9.585412e-05,0.00097536802,0.00024250227,0.76264244,0.022979546,0.0094066411,0.16787052
20171109-073850-1.jpg,5,8,0.20417984,0.0178847,3.5997859e-05,0.001515044,0.0001631271,0.16225956,0.0012327132,0.048184831,0.5645442
20171109-074018-1.jpg,5,8,0.089874677,0.01807479,0.00039783859,0.0035430167,0.00056166138,0.046830114,0.0053326827,0.028362557,0.80702269
20171109-074032-1.jpg,5,8,0.053582795,0.023417588,0.00041610328,0.002478766,0.00056423526,0.2034916,0.020808974,0.019504214,0.67573577
20171109-074113-3.jpg,5,5,0.037965696,0.076907426,0.0011292583,0.011291168,0.0057737245,0.48243579,0.0099811945,0.026466073,0.34804964
20171109-074128-1.jpg,5,8,0.086183548,0.0070767817,0.00016292234,0.0015258933,0.00034007998,0.081710681,0.004306234,0.016091961,0.80260187
20171109-074141-3.jpg,5,5,0.052868057,0.0093477853,0.00039312002,0.0031578501,0.0010655114,0.5705747,0.040585224,0.020985946,0.30102184
20171109-074145-1.jpg,5,8,0.15651098,0.020234482,0.00083520904,0.0021745611,0.00078266097,0.04738754,0.013724547,0.071076743,0.68727332
20171109-074227-3.jpg,5,8,0.013920447,0.014483681,7.5809192e-05,0.00081344263,0.00021507629,0.42720413,0.025768915,0.0020884203,0.51543003
20171109-074242-1.jpg,5,5,0.027650112,0.0049872287,3.9114009e-05,0.00029982044,9.7472039e-05,0.6053586,0.01046839,0.010838634,0.3402606
20171109-074327-1.jpg,5,8,0.030066382,0.0077367206,7.5348085e-05,0.00037688401,8.3156599e-05,0.21399233,0.015450378,0.011462824,0.72075599
20171109-074344-3.jpg,5,8,0.016846417,0.0092269881,0.00060734747,0.01101973,0.003265094,0.35541555,0.005700177,0.0062826057,0.59163606
20171109-074418-1.jpg,5,8,0.03649763,0.018642385,0.00010678059,0.00068401219,0.00014669217,0.10576112,0.015949875,0.043692224,0.77851933
20171109-074508-3.jpg,5,5,0.0028642518,0.0034385412,0.00015410429,0.0016685696,0.00052014046,0.6532914,0.0021077979,0.0010747052,0.3348805
20171109-074748-1.jpg,5,8,0.016832568,0.0040942235,8.5923384e-06,0.00019828111,2.5259154e-05,0.15628177,0.0019657298,0.004989448,0.81560415
20171109-074847-1.jpg,5,8,0.0018469553,0.00038839775,5.563787e-06,0.00036221577,4.5165099e-05,0.0027833227,0.00016766251,0.00047209483,0.99392855
20171109-074907-1.jpg,5,8,0.034208644,0.017381666,9.7051576e-05,0.0011571102,0.00024957504,0.36530814,0.0072173383,0.021801015,0.55257946
20171109-075129-3.jpg,5,5,0.0020222215,0.00074089307,4.7618156e-05,0.00021558482,5.808461e-05,0.94078815,0.0016529454,0.0010308475,0.053443674
20171109-084909-3.jpg,5,5,0.0013154407,0.0028682766,3.9672159e-05,9.7478573e-05,1.3529399e-05,0.63156611,0.034844961,0.00023451529,0.32901996
20171109-085426-2.jpg,5,8,0.0061028963,0.0060338606,0.00032366131,0.0045185196,0.00097605085,0.44744334,0.0021181956,0.0035541009,0.52892935
20171109-085448-2.jpg,5,8,0.0067699831,0.011178832,0.00021689884,0.0094697382,0.0024987187,0.093015805,0.0067374879,0.0037271087,0.86638546
20171109-085510-2.jpg,5,8,0.0031898478,0.0040722969,0.00018008146,0.0034931784,0.00049505621,0.081601821,0.0019432448,0.0011889958,0.90383548
20171109-090052-3.jpg,5,5,0.005958444,0.0015735446,9.5113326e-05,0.00088969979,0.00022070223,0.7847169,0.0017450679,0.0018994949,0.20290108
20171109-090125-3.jpg,5,5,0.0030704399,0.00070840179,2.7194194e-05,0.0001497709,2.704824e-05,0.74018705,0.0013210691,0.00028111815,0.25422779
20171109-090219-3.jpg,5,5,0.0019340742,0.0034368604,0.0002207936,0.00051295146,7.6890006e-05,0.62363893,0.0081790946,0.00061677099,0.36138368
20171109-090236-1.jpg,5,5,0.0015330787,0.0023737259,6.2608888e-05,0.00041844943,6.3125037e-05,0.73430675,0.0055646142,0.00041067577,0.25526699
20171109-090246-3.jpg,5,5,0.0028755947,0.0018615879,1.8250654e-05,0.00030224104,5.2539999e-05,0.91761351,0.0059339181,0.0011773746,0.070165008
20171109-090301-3.jpg,5,8,0.006757664,0.0067195711,0.00094393,0.0051844511,0.0018636312,0.34369054,0.0073502758,0.0023296566,0.62516028
20171109-090324-3.jpg,5,5,0.00066815095,0.00072907069,9.7869915e-06,5.2525782e-05,6.8637037e-06,0.95718306,0.0026501622,0.00012406611,0.038576368
20171109-090325-2.jpg,5,5,0.005617158,0.0019700148,0.00012245515,0.0017669603,0.00063722918,0.6894111,0.002593772,0.0010049557,0.29687631
20171109-090406-2.jpg,5,8,0.0044763512,0.011496413,5.1568521e-05,0.00032603767,4.7353991e-05,0.40406185,0.14670837,0.0011867527,0.43164521
20171109-090439-2.jpg,5,6,0.0086810915,0.017039752,0.00072477531,0.0008044212,0.00031249496,0.17195693,0.48258144,0.0031245176,0.31477454
20171109-090520-3.jpg,5,5,0.0026402108,0.0015521511,0.00010829778,0.0003438475,0.00010223842,0.93487728,0.0038877951,0.00073186873,0.055756342
20171109-090611-1.jpg,5,5,0.012066545,0.011806379,0.00037894779,0.003151149,0.00059665577,0.55239612,0.0047284691,0.0050686826,0.40980709
20171109-090615-2.jpg,5,5,0.003572583,0.0054230667,7.5528966e-05,0.00030374149,8.1764003e-05,0.90043497,0.016150307,0.00083328609,0.073124759
20171109-090659-1.jpg,5,8,0.0089853927,0.0033287939,0.00047789782,0.0044705844,0.00097309973,0.44518924,0.0081477994,0.0037572603,0.52466995
20171109-090726-3.jpg,5,5,0.0053882338,0.003168182,3.762266e-05,0.00096063246,0.00017143763,0.75940174,0.0029479461,0.0021958,0.22572833
20171109-090738-2.jpg,5,5,0.024679717,0.011418981,0.00096513878,0.0019228841,0.0010293473,0.7118901,0.02011326,0.0067378609,0.2212428
20171109-090748-2.jpg,5,5,0.0041642855,0.0054777353,2.8668246e-05,0.00029008364,7.1961658e-05,0.86195534,0.031376682,0.0014833185,0.095151871
20171109-090843-3.jpg,5,5,0.017084321,0.015700433,0.00053388247,0.00096636673,0.00034606934,0.7804274,0.051436424,0.0041822237,0.12932298
20171109-090954-1.jpg,5,5,0.0023526743,0.00032285333,2.0265928e-05,0.00017497092,4.5627698e-05,0.97131574,0.0010450192,0.00050407415,0.024218852
20171109-091025-3.jpg,5,5,0.0050440258,0.00095636019,1.3948101e-05,3.8990813e-05,1.2818845e-05,0.95741612,0.0028137483,0.000444181,0.033259768
20171109-091053-1.jpg,5,5,0.024999609,0.023808738,0.00022161879,0.0037775638,0.00065562321,0.51873517,0.0055643721,0.015267488,0.40696976
20171109-091124-2.jpg,5,5,0.0024183418,0.0029433365,4.1818184e-05,0.00013215805,3.0135567e-05,0.88702697,0.060045466,0.0003403032,0.047021393
20171109-091143-2.jpg,5,8,0.0049593332,0.013651375,0.0013005949,0.0041146008,0.0023987072,0.083361268,0.053361308,0.0018407117,0.83501208
20171109-091219-3.jpg,5,5,0.0026169703,0.0010516602,0.00028039201,0.00076749234,0.00028522994,0.65722001,0.0020673096,0.0012817641,0.33442912
20171109-091445-1.jpg,5,8,0.0082331896,0.10722846,7.497397e-05,0.00099760829,0.00018215941,0.079928175,0.027870176,0.0024829346,0.77300233
20171109-091605-3.jpg,5,5,0.0029307229,0.001794878,5.9259983e-05,0.00041557732,0.00010375496,0.87609911,0.0023525741,0.00081812008,0.11542603
20171109-091615-1.jpg,5,8,0.0048338077,0.0046362127,0.00025051922,0.0031041696,0.00057100644,0.3706823,0.0019113831,0.0023875434,0.61162305
20171109-091743-3.jpg,5,5,0.013417338,0.0083604893,0.0013271134,0.0042252121,0.0018422041,0.51655799,0.006741106,0.0054860679,0.44204253
20171109-091828-2.jpg,5,5,0.074838817,0.063615665,0.0006448208,0.0066293958,0.0023230966,0.47728786,0.018332038,0.062088642,0.29423964
20171109-091913-2.jpg,5,8,0.029851086,0.062733352,0.00058784382,0.0053528002,0.0023508898,0.28040728,0.059626017,0.0068967198,0.552194
20171109-091937-2.jpg,5,6,0.020395055,0.14729244,0.0056675221,0.0082014557,0.0035912397,0.2424328,0.32327157,0.021248903,0.22789893
20171109-092225-1.jpg,5,5,0.0099127386,0.0045124316,9.9931902e-05,0.00090301147,0.00027258249,0.7959938,0.0050915768,0.004725208,0.17848861
20171109-092340-2.jpg,5,5,0.0046945596,0.003710886,0.00030055738,0.002050037,0.00058062747,0.56828725,0.093543112,0.0022081283,0.32462487
20171109-092540-1.jpg,5,5,0.014247317,0.021727743,1.2079131e-05,0.00080803875,6.5553868e-05,0.52436149,0.0076797795,0.0039666165,0.42713144
20171109-092615-1.jpg,5,5,0.0061975694,0.0040491354,0.00027053209,0.0011106597,0.00029572079,0.84902292,0.0078254752,0.0035585405,0.12766945
20171109-092818-1.jpg,5,5,0.0031128027,0.0014502823,2.0726682e-05,0.00050367566,6.0323178e-05,0.77128923,0.0024901817,0.0019144566,0.21915837
20171109-092910-2.jpg,5,8,0.025957454,0.02503339,0.0017313468,0.016177032,0.004165201,0.37242159,0.0061399313,0.01435185,0.53402221
20171109-093041-2.jpg,5,8,0.047691669,0.084137052,0.00058473262,0.0025489789,0.00096287421,0.2579,0.040851429,0.014098605,0.55122471
20171109-093128-1.jpg,5,5,0.0020573875,0.00098875223,0.00014843183,0.00092699676,0.00017759459,0.7193566,0.0026696248,0.00068096817,0.27299359
20171109-093142-2.jpg,5,8,0.0023258193,0.0023844307,2.0712439e-05,0.00035652801,4.369962e-05,0.19125265,0.003868226,0.00066322804,0.79908466
20171109-093159-1.jpg,5,5,0.0011578379,0.00036145121,1.0090128e-05,0.00014570866,4.4030956e-05,0.89533401,0.00059577229,0.00022189185,0.10212921
20171109-093500-1.jpg,5,8,0.040327948,0.0096474057,0.0018063432,0.026815746,0.012281391,0.28334209,0.0033704252,0.029302254,0.59310639
20171109-093513-1.jpg,5,8,0.0092040459,0.0085784849,0.0008559358,0.0071523106,0.002284619,0.054604769,0.010539044,0.014292343,0.89248848
20171109-093524-1.jpg,5,5,0.015261644,0.012449552,0.00091396325,0.0078701153,0.0052204826,0.69596511,0.011186313,0.0082669416,0.24286588
20171109-093528-3.jpg,5,5,0.018972032,0.019782471,5.431952e-05,0.0011041861,0.00022337133,0.60542476,0.014374414,0.0045496277,0.33551481
20171109-093608-1.jpg,5,5,0.001800757,0.00043752536,1.1184688e-05,4.7515143e-05,1.1793541e-05,0.92114657,0.0024590215,0.00027307117,0.073812626
20171109-093826-3.jpg,5,5,0.0012747415,0.00062907551,4.3406067e-06,5.7427493e-05,9.2612581e-06,0.95313847,0.0025112918,0.00016835678,0.042206913
20171109-094123-2.jpg,5,8,0.0011308732,0.00063638686,3.9937177e-06,5.1899602e-05,1.139859e-05,0.074201554,0.0047672875,0.00058095763,0.91861564
20171109-094157-2.jpg,5,8,0.045824002,0.014150365,1.7869997e-05,0.00025137552,3.2072479e-05,0.44563377,0.01030099,0.007717289,0.47607228
20171109-094401-3.jpg,5,5,0.028516872,0.0031292897,3.196589e-05,0.00015895556,3.0496043e-05,0.67838573,0.030348582,0.0060389517,0.25335914
20171109-094446-3.jpg,5,5,0.04489328,0.0028417467,2.9389181e-05,0.00012458763,3.3868895e-05,0.78953522,0.013765542,0.0084946966,0.14028169
20171109-095202-3.jpg,5,8,0.1189206,0.023337008,0.00060955487,0.0016500973,0.00056116626,0.23775883,0.041237608,0.10827097,0.46765426
20171109-095352-3.jpg,5,8,0.03124938,0.0031422582,0.00025177674,0.00067058677,0.0001288357,0.1203112,0.010287309,0.018325238,0.81563342
20171109-095501-3.jpg,5,8,0.043792237,0.015453471,0.000135592,0.00055110198,0.00017175337,0.33078155,0.10575332,0.031613145,0.47174791
20171109-095540-3.jpg,5,8,0.041596137,0.021225525,0.00049208349,0.0025171344,0.00044746898,0.26285514,0.012738145,0.023445999,0.63468236
20171109-095650-2.jpg,5,5,0.032141112,0.011533535,0.0015555497,0.011514621,0.0088416561,0.63070166,0.0084392084,0.025778759,0.26949391
20171109-095805-3.jpg,5,8,0.081376024,0.12412582,0.0071777403,0.010132547,0.0028300649,0.084716633,0.063681446,0.083316959,0.54264277
20171109-194258-1.jpg,5,5,0.006646507,0.0045041339,0.00017027913,0.0026019632,0.0008874078,0.66932344,0.0042049303,0.0040827799,0.3075785
20171109-194817-1.jpg,5,8,0.031629276,0.022668118,0.0085555837,0.0088318828,0.0038245448,0.37152272,0.041364625,0.020464813,0.49113843
20171109-194934-1.jpg,5,8,0.0029483538,0.00414791,5.0110989e-06,0.00012385161,4.9901819e-06,0.29708144,0.005466104,0.00032056449,0.68990177
20171113-060420-1.jpg,5,8,0.0071531516,0.010795504,0.00051774422,0.0025329122,0.00067235483,0.29756612,0.0084762396,0.0038409473,0.66844499
20171113-060523-1.jpg,5,8,0.025435261,0.026197955,0.018798308,0.033214644,0.042094473,0.29846093,0.032061405,0.02612965,0.49760735
20171113-060628-1.jpg,6,6,0.0041382457,0.038857795,0.0018204445,0.00074282341,0.00043425392,0.023187391,0.8146981,0.0026854016,0.11343569
20171113-060629-1.jpg,5,8,0.0075291507,0.0091416081,0.00047654903,0.0081376387,0.0019596114,0.26255831,0.0058725053,0.0033292214,0.70099539
20171113-060924-1.jpg,6,6,0.0013840358,0.0042174477,0.011996019,0.00042813647,0.00022478223,0.014685325,0.53081328,0.00077989855,0.43547103
20171113-061052-1.jpg,6,6,0.0036370219,0.11847879,0.00049358432,0.00051894202,0.00022415919,0.0054853028,0.85027713,0.0031339291,0.017751185
20171113-061120-1.jpg,6,8,0.0072460249,0.017486222,0.0014992799,0.0012087007,0.00012318371,0.1105145,0.25118655,0.0067497562,0.60398579
20171113-061251-1.jpg,6,8,0.0085980417,0.022802463,0.28501657,0.0079841912,0.0067411438,0.023549512,0.12444156,0.0060838782,0.51478261
20171113-091334-3.jpg,5,8,0.076800287,0.072479956,0.0072686546,0.03221494,0.019695174,0.21290785,0.018379027,0.072043493,0.48821065
20171113-091531-3.jpg,5,5,0.027084202,0.021635499,0.0001313083,0.00032007229,0.00010956664,0.79615641,0.069676511,0.0033349677,0.081551485
20171113-091915-1.jpg,5,5,0.043399259,0.039128043,0.0073417542,0.015973957,0.0041042496,0.53279263,0.030010311,0.027925648,0.29932407
20171113-091929-3.jpg,5,0,0.50444758,0.0042366227,0.00018188701,0.0012301969,0.00033275728,0.11388613,0.0040330179,0.16438773,0.20726413
20171113-092117-3.jpg,5,8,0.046997868,0.039320171,0.00016347936,0.0050266879,0.00045722339,0.18442307,0.0079122661,0.073919065,0.64178014
20171113-092207-1.jpg,5,8,0.02462553,0.004525322,0.0019321054,0.0078237988,0.0045631505,0.13152248,0.008400619,0.033972543,0.78263444
20171113-092423-3.jpg,5,8,0.090404533,0.019316912,0.0054111574,0.0068794661,0.0030442495,0.20546953,0.054375742,0.055708949,0.55938947
20171113-092453-3.jpg,5,5,0.052844483,0.0064360909,0.0010926968,0.002202099,0.0008275244,0.6250391,0.042391133,0.020154949,0.24901192
20171113-092514-3.jpg,5,8,0.025991462,0.0019721086,0.0002341754,0.00026090289,7.692512e-05,0.23032452,0.051921032,0.0073515326,0.6818673
20171113-092534-3.jpg,5,8,0.025775723,0.011014743,0.0012339191,0.0011120602,0.00033661613,0.22987898,0.038186129,0.011545008,0.68091685
20171113-092650-1.jpg,5,5,0.015691411,0.0048767389,0.00038759428,0.0007417631,0.0001538893,0.61214113,0.03145745,0.0028889517,0.33166111
20171113-092943-1.jpg,5,8,0.040546019,0.0075310944,0.0036457137,0.0027571791,0.00098734186,0.15425166,0.025403429,0.013915727,0.75096178
20171113-093142-1.jpg,5,5,0.052679814,0.15177332,0.00023299087,0.00052190269,7.9538164e-05,0.50337052,0.15957017,0.014665652,0.11710609
20171113-093226-1.jpg,5,8,0.045412172,0.039376125,0.00010416044,0.0024425853,0.00045288872,0.27611312,0.0055256449,0.018327929,0.61224532
20171113-093349-3.jpg,5,8,0.1350566,0.017716102,0.0010183281,0.00092542445,0.0003593897,0.39456084,0.036504231,0.01149989,0.40235928
20171113-093432-1.jpg,5,8,0.081014089,0.042577371,0.017090473,0.016516134,0.016053483,0.095975719,0.06422288,0.039380148,0.62716973
20171113-093500-1.jpg,5,8,0.069841333,0.046220526,0.00044270069,0.0016177783,0.00056579016,0.16256304,0.061644562,0.010178393,0.64692593
20171113-093641-3.jpg,5,8,0.23424664,0.049550541,0.00030435747,0.010245253,0.0010000985,0.037679639,0.0023681307,0.26843852,0.39616677
20171113-093918-3.jpg,5,8,0.06628155,0.010128863,0.00012869481,0.00070710364,0.00011779284,0.16938789,0.097045414,0.021081382,0.63512129
20171113-094013-3.jpg,5,0,0.34867495,0.005665963,0.00040064819,0.0021523449,0.00066828181,0.17947707,0.0085427221,0.18050119,0.27391687
20171113-094324-3.jpg,5,8,0.043593828,0.13166828,0.015976314,0.015789267,0.017776873,0.05682797,0.22792262,0.058284495,0.43216038
20171113-094444-3.jpg,5,8,0.021226412,0.13689114,0.0020052989,0.0043561743,0.0016577633,0.15330189,0.23193407,0.021840138,0.42678711
20171113-095351-3.jpg,5,8,0.0054348996,0.0039802715,0.00086551247,0.0049558529,0.0017043189,0.25024524,0.0070437877,0.0034216573,0.72234845
20171113-095542-3.jpg,5,8,0.020518584,0.018548269,0.0014370519,0.0031229986,0.0019429772,0.36263654,0.013665852,0.016383978,0.56174374
20171113-095558-1.jpg,5,8,0.0394946,0.033402283,0.0082224328,0.020697003,0.0067455326,0.081159562,0.039937098,0.024910554,0.74543089
20171113-095617-1.jpg,5,8,0.017628068,0.0077374903,0.0044816323,0.037875004,0.009763523,0.013381704,0.0057522878,0.017108493,0.88627183
20171113-100359-3.jpg,5,5,0.0068968544,0.0084530804,0.00012689285,0.00052582391,0.00014399907,0.86482596,0.041913811,0.0019221077,0.075191431
20171113-100431-3.jpg,5,5,0.009429819,0.0042675375,0.001405309,0.0023996695,0.002112838,0.68132979,0.0083375704,0.0083648162,0.28235263
20171113-101034-1.jpg,5,8,0.012859412,0.010480259,0.00070759689,0.012494289,0.0030010084,0.338449,0.0098362342,0.011650764,0.60052145
20171113-101111-1.jpg,5,8,0.0063688629,0.014223341,0.00014932911,0.0031158749,0.00035115841,0.3489458,0.0040494986,0.0020224785,0.62077361
20171113-101236-3.jpg,5,5,0.0013056109,0.0026882144,3.2241809e-05,5.6862733e-05,1.4327288e-05,0.67924356,0.061357372,0.00026600942,0.25503573
20171113-101410-3.jpg,5,8,0.010159315,0.0063951481,1.8895298e-05,0.0004309268,8.5259337e-05,0.46571767,0.0061276555,0.0024223414,0.50864285
20171113-101436-1.jpg,5,8,0.015757801,0.01124113,0.00010870169,0.0017064294,0.00035238062,0.46243376,0.0024861314,0.0059371251,0.49997658
20171113-101506-1.jpg,5,5,0.016224686,0.023513114,6.024355e-05,0.0015165991,0.00024609567,0.67525852,0.0077538537,0.0078213038,0.26760563
20171113-101809-1.jpg,5,8,0.019849777,0.0050964286,0.00094156346,0.0075776945,0.0045753652,0.17361626,0.0028947925,0.014997967,0.77045023
20171113-101830-0.jpg,6,1,0.046744574,0.4424431,0.0005457683,0.0016151122,0.00044200913,0.0038571253,0.44078982,0.02779809,0.035764456
20171113-102043-1.jpg,5,8,0.025554717,0.057210699,0.0011958044,0.0060021607,0.0036940838,0.12510784,0.14131717,0.015789773,0.62412775
20171113-102459-1.jpg,5,5,0.0063704196,0.0046040616,6.0893864e-05,0.00048830075,0.00011412419,0.83540773,0.0088746613,0.0025883438,0.14149146
20171113-103235-0.jpg,6,6,0.0097603323,0.0625422,0.0068144151,0.0025859126,0.0024910944,0.0037622547,0.80177051,0.012996288,0.097276978
20171113-104328-0.jpg,6,6,0.01200049,0.094022088,0.002549496,0.0012769089,0.00075608294,0.0034493264,0.70539439,0.008979965,0.17157125
20171113-104451-0.jpg,6,6,0.0038929998,0.11437403,0.004129013,0.0016586425,0.00052196858,0.004279709,0.82496393,0.0055415463,0.040638182
20171113-104614-0.jpg,6,1,0.010454278,0.71657854,0.00010145691,0.00068603241,0.0001091807,0.0010752055,0.2493777,0.015983663,0.0056339051
20171113-105749-0.jpg,6,6,0.023657717,0.25331831,0.00032573115,0.0006343078,0.00014629985,0.24915549,0.39712167,0.0060185869,0.069621786
20171113-112836-0.jpg,6,6,0.0064674844,0.06097541,0.0067443657,0.0020604278,0.00064650615,0.0029097006,0.75755799,0.0041708089,0.15846725
20171113-115052-0.jpg,6,6,0.026953021,0.21867847,0.0039573517,0.011068868,0.0064224903,0.023466626,0.59797782,0.055373438,0.056101911
20171113-115125-1.jpg,6,8,0.0019843669,0.0043105409,0.00031395053,0.00030630696,8.3356412e-05,0.01067806,0.017260093,0.0010011807,0.96406209
20171113-115453-1.jpg,6,6,0.056365382,0.25086355,0.00024021674,0.00058832992,0.00019864213,0.090048306,0.51132935,0.026618324,0.063747883
20171113-115508-1.jpg,6,5,0.13574016,0.11339083,0.00074425823,0.0029816986,0.00093570369,0.34538469,0.12998001,0.086294107,0.18454856
20171113-115910-0.jpg,6,6,0.056521211,0.10629858,0.0027977361,0.0082952622,0.0033380066,0.058080412,0.48520398,0.062113803,0.21735102
20171113-115913-1.jpg,6,8,0.0018880856,0.0024396549,0.031861432,0.013479281,0.02911718,0.0063977935,0.051516391,0.0011385544,0.8621617
20171113-120122-3.jpg,6,8,0.0090958672,0.0056880317,0.020692276,0.0029665751,0.0024741013,0.026080083,0.1000532,0.0036228157,0.82932705
20171113-120355-1.jpg,6,8,0.0038796409,0.0053412165,0.087938569,0.0030648413,0.0033544947,0.047179982,0.10929213,0.0034641358,0.73648494
20171113-120549-1.jpg,6,6,0.011019631,0.092678785,0.0024085185,0.001852003,0.00074945536,0.011496219,0.72997379,0.012203677,0.1376179
20171113-120603-2.jpg,6,8,0.0098674763,0.036829859,0.0037141731,0.0068498137,0.0030426662,0.017947471,0.21279553,0.010388243,0.69856471
20171113-120908-2.jpg,6,6,0.039935227,0.1766202,0.0018688334,0.0080074146,0.002756055,0.033075284,0.38410664,0.049699839,0.30393046
20171113-120954-1.jpg,6,6,0.0017064273,0.0088236937,0.0051502865,0.00093046553,0.00083963654,0.0028937873,0.88960379,0.002061906,0.087989911
20171113-121512-2.jpg,6,8,0.0006896524,0.0029347218,0.00014802594,0.00025470389,6.7645618e-05,0.011917318,0.46099776,0.00034059683,0.52264965
20171113-122213-0.jpg,6,6,0.029813305,0.07691323,0.01554055,0.0077443742,0.0091883084,0.014077248,0.57722193,0.028433869,0.24106711
20171113-122323-0.jpg,6,6,0.02622254,0.20856918,0.0039810468,0.0027846482,0.0010860009,0.023784388,0.6178304,0.012197718,0.10354415
20171113-122412-1.jpg,6,6,0.0094378442,0.064282581,0.0016473186,0.0063063987,0.0015810163,0.039050773,0.6470691,0.010727917,0.21989696
20171113-122417-3.jpg,6,6,0.0097520091,0.04327758,0.013197058,0.0076412479,0.0079384688,0.0093478169,0.7350862,0.019458331,0.15430132
20171113-123106-1.jpg,6,8,0.0094134733,0.015437207,0.0029030386,0.0088348612,0.0077942661,0.019346237,0.10593557,0.0047211018,0.82561421
20171113-123524-3.jpg,6,8,0.01730003,0.033057854,0.056842685,0.038774081,0.080737263,0.0096960971,0.10325276,0.026538769,0.63380051
20171113-123604-1.jpg,6,6,0.0033136453,0.064413942,0.00048346756,0.00062380679,0.00041966772,0.0056161736,0.87235641,0.0040403763,0.048732549
20171113-123619-3.jpg,6,6,0.034226958,0.19193435,0.0061398158,0.013455722,0.006191568,0.031897243,0.52523518,0.042899918,0.14801924
20171113-123630-1.jpg,6,8,0.0036391686,0.0067288126,0.01003138,0.0012183468,0.0011074655,0.016172007,0.060375266,0.0034809918,0.89724654
20171113-123657-3.jpg,6,8,0.032524578,0.18547946,0.0035975536,0.019461455,0.011975566,0.022532308,0.30290541,0.036449455,0.3850742
20171113-123728-3.jpg,6,6,0.018762959,0.25594461,0.00080797664,0.0023658893,0.0011073784,0.062940113,0.3312251,0.021672815,0.30517316
20171113-123806-1.jpg,6,8,0.021117868,0.044596195,0.065809749,0.010171044,0.0085228058,0.049822509,0.082242355,0.020971321,0.69674617
20171113-123809-3.jpg,6,8,0.0049301563,0.036349695,0.0054087439,0.010045153,0.0035369371,0.08672028,0.35054162,0.0038893777,0.49857795
20171113-123900-1.jpg,6,6,0.019403493,0.17402937,0.00080215046,0.0010934098,0.00026212272,0.11485993,0.49362612,0.027423149,0.16850023
20171113-124206-1.jpg,6,8,0.10643899,0.12053788,0.016493088,0.049215719,0.03442825,0.026587926,0.062711284,0.18620038,0.39738646
20171113-124300-3.jpg,6,8,0.026503084,0.042943321,0.0017264101,0.0033332617,0.00088169676,0.022047745,0.32201752,0.030863136,0.54968381
20171113-124517-1.jpg,6,6,0.0027846333,0.083413959,0.0033174155,0.0019564671,0.00090558664,0.0025722082,0.86926121,0.0042573027,0.031531222
20171113-130049-2.jpg,6,8,0.027479114,0.0061225146,0.014200792,0.019277716,0.012835024,0.0057728118,0.089712553,0.0093428446,0.8152566
20171113-130402-2.jpg,6,6,0.010780846,0.038186673,0.18100664,0.011992478,0.0067348159,0.023657013,0.43518922,0.012648867,0.27980348
20171113-130523-2.jpg,6,1,0.05347782,0.31929404,0.0058211568,0.022017196,0.0078946855,0.068157218,0.22887532,0.052710462,0.24175219
20171113-130740-2.jpg,6,5,0.054382559,0.12824287,0.0001240467,0.0012414994,0.0002887031,0.38551801,0.12458796,0.019677782,0.2859365
20171113-130902-2.jpg,6,8,0.1073396,0.22371496,0.0012205332,0.0050784983,0.0015955291,0.067585617,0.05943913,0.15051015,0.38351598
20171113-131008-1.jpg,6,6,0.029746749,0.13957691,0.00019577843,0.00025620422,8.3084735e-05,0.06052994,0.71184176,0.0075548654,0.050214842
20171113-131307-1.jpg,6,8,0.0046022846,0.038033884,0.0055138902,0.0019971796,0.0011703598,0.007671481,0.41572461,0.0031346087,0.52215171
20171113-131321-2.jpg,6,8,0.012026647,0.0133348,0.016064329,0.0081343278,0.0039196918,0.019272674,0.25312501,0.0090094721,0.66511303
20171113-131545-2.jpg,6,8,0.002608753,0.0073596849,0.028914372,0.0048170337,0.0029393893,0.0091804378,0.10309488,0.0038981489,0.83718729
20171113-131618-2.jpg,6,8,0.00028985259,0.00052765117,0.0043120645,0.00027473355,0.00023107168,0.001256564,0.035852931,8.3491788e-05,0.95717162
20171113-131815-2.jpg,6,8,0.0036400736,0.012446903,0.16452157,0.012503713,0.010052099,0.034593366,0.17321345,0.002895761,0.58613312
20171113-131857-3.jpg,6,6,0.043061607,0.15257166,0.0092760166,0.035507131,0.012766875,0.010250952,0.35638317,0.073879585,0.30630302
20171113-131937-3.jpg,6,8,0.041969903,0.051238492,0.022467786,0.02483589,0.04068578,0.011454488,0.33896834,0.028607246,0.43977216
20171113-131948-3.jpg,6,8,0.054309838,0.087264292,0.015841514,0.015431977,0.015660293,0.012182537,0.31323966,0.042177305,0.4438926
20171113-132048-2.jpg,6,6,0.031885654,0.21558587,0.0047825119,0.0042922664,0.0020292504,0.011530467,0.4990378,0.045379825,0.18547635
20171113-132138-1.jpg,6,6,0.0034151538,0.0078733945,0.00057694898,0.00069843332,0.00025931894,0.021113219,0.75093675,0.0015838962,0.21354288
20171113-132323-3.jpg,6,8,0.014541727,0.0065074903,0.006891069,0.018885456,0.014326373,0.003667027,0.013246369,0.00901738,0.91291708
20171113-132349-1.jpg,6,6,0.0019190832,0.0086594904,0.0018135401,0.0014734265,0.00033845787,0.014727873,0.82123435,0.0012492465,0.14858459
20171113-132408-1.jpg,6,6,0.0035940981,0.056056578,0.010273649,0.0013692647,0.00067474839,0.0075430358,0.75371569,0.0044347253,0.16233821
20171113-132548-3.jpg,6,6,0.011049956,0.047810584,0.015900752,0.0064601758,0.010574332,0.003843063,0.68828452,0.018208891,0.19786772
20171113-132556-1.jpg,6,6,0.056207493,0.078780688,0.0083640227,0.010354942,0.0034107072,0.016038705,0.42123362,0.056266196,0.34934366
20171113-132747-1.jpg,6,6,0.0028308379,0.032124732,0.00023490023,0.00052355655,0.000190579,0.0043515023,0.93352169,0.0023063933,0.023915861
20171113-132837-1.jpg,6,8,0.019411538,0.06650345,0.00078408257,0.0094549423,0.0032395578,0.0082528675,0.22323376,0.024408996,0.64471078
20171113-132921-3.jpg,6,8,0.0055532055,0.001464477,0.031377088,0.0036431456,0.0032437067,0.0067643826,0.014492876,0.0013466675,0.93211448
20171113-132956-0.jpg,6,6,0.037740096,0.061771121,0.012569634,0.0060107331,0.0085682347,0.013620011,0.70883447,0.017473565,0.13341214
20171113-133040-0.jpg,6,6,0.018814774,0.038004294,0.016100325,0.0081535084,0.013315745,0.0072554504,0.69721079,0.015176586,0.18596849
20171113-133044-3.jpg,6,8,0.017435778,0.03073868,0.027868081,0.0093215741,0.0088977916,0.0070765526,0.17962551,0.020155873,0.69888014
20171113-133259-3.jpg,6,8,0.011397133,0.009355641,0.0039987713,0.002198322,0.0035038176,0.0077064545,0.47460598,0.0070848283,0.48014897
20171113-133354-1.jpg,6,7,0.13993199,0.097341515,0.00023126106,0.0035573144,0.00057632639,0.023973539,0.0090276934,0.41105729,0.31430307
20171113-133603-1.jpg,6,8,0.013318244,0.047911119,0.0032448133,0.0084593762,0.0030898598,0.024189398,0.24498683,0.036928199,0.61787218
20171113-133646-3.jpg,6,6,0.006050372,0.046364229,0.0046812501,0.0081493007,0.0024501039,0.0091502899,0.62815028,0.0056781857,0.28932595
20171113-133859-3.jpg,6,6,0.0076080719,0.36839619,0.00095614849,0.0023791674,0.00048557715,0.005636259,0.58377361,0.0092745824,0.021490443
20171113-134220-1.jpg,6,6,0.0054608062,0.014249359,0.013709761,0.0083899777,0.0072641168,0.0062196925,0.47603118,0.0057109245,0.46296415
20171113-134314-1.jpg,6,8,0.098701902,0.22042508,0.0060311509,0.016957363,0.0093084266,0.02766313,0.15000147,0.17531542,0.29559606
20171113-134315-0.jpg,6,6,0.024586394,0.13605267,0.031744611,0.037767429,0.049514674,0.024662768,0.44536039,0.020837471,0.22947361
20171113-134330-1.jpg,6,6,0.018289236,0.05961211,0.015288787,0.015586689,0.0099163605,0.015447328,0.68354732,0.020162117,0.16215004
20171113-134450-0.jpg,6,1,0.073687889,0.35397547,0.001739102,0.0079606157,0.0020225754,0.017920133,0.16074137,0.31350836,0.068444401
20171113-134454-3.jpg,6,8,0.022474721,0.033650633,0.038808491,0.018003555,0.016662229,0.041253708,0.24226385,0.017966175,0.56891668
20171113-134618-3.jpg,6,6,0.035133708,0.037109919,0.0089129098,0.0074987835,0.0063312696,0.030620769,0.51774359,0.017772343,0.33887672
20171113-134654-1.jpg,6,6,0.0080790287,0.10670402,0.0016763619,0.0013393556,0.00033836759,0.024050536,0.48768267,0.0050665969,0.36506307
20171113-134655-3.jpg,6,8,0.0022981877,0.00044369692,0.0026155899,0.0012015917,0.00041394786,0.0015710947,0.014154195,0.00067854131,0.97662318
20171113-134706-3.jpg,6,8,0.0085701188,0.0051526628,0.022623735,0.031393249,0.037564211,0.015198259,0.12575586,0.0063974257,0.74734449
20171113-134801-1.jpg,6,6,0.004091539,0.16342218,0.00020147271,0.00068304921,0.00015487586,0.0086414376,0.77053875,0.005104396,0.047162183
20171113-134828-1.jpg,6,6,0.0085877553,0.037169345,0.012027058,0.0023899744,0.0010737877,0.28353864,0.3993502,0.0054502278,0.25041297
20171113-134906-1.jpg,6,8,0.018972527,0.080515437,0.0066518206,0.0081581855,0.0060237753,0.013858848,0.34197727,0.018497609,0.50534457
20171113-134928-3.jpg,6,8,0.016645391,0.03986425,0.027048118,0.012691436,0.011350979,0.035869531,0.30650431,0.019073367,0.53095263
20171113-135112-3.jpg,6,8,0.018971795,0.019531464,0.024571525,0.01670686,0.010538331,0.028239077,0.39190084,0.01342351,0.47611654
20171113-135125-3.jpg,6,8,0.014051327,0.006897944,0.0028408549,0.0043836883,0.0033422175,0.0044719484,0.14859025,0.013191563,0.80223018
20171113-135152-1.jpg,6,5,0.19282995,0.098864362,0.00063677307,0.00088100485,0.00034596131,0.27889842,0.15895054,0.012914867,0.25567812
20171113-135239-0.jpg,6,6,0.055304024,0.32248381,0.00099596754,0.004145883,0.00082276011,0.0070928079,0.38932344,0.16780539,0.052025884
20171113-135245-1.jpg,6,6,0.039496828,0.29172784,0.00078290061,0.0011769055,0.00052396877,0.050877471,0.4306038,0.0083202394,0.17649007
20171113-135334-3.jpg,6,6,0.021426275,0.035528176,0.01390337,0.0086466596,0.0087349145,0.012728048,0.67418873,0.024590168,0.20025374
20171113-135346-3.jpg,6,8,0.041416343,0.017727682,0.0052262223,0.0078750905,0.0042907074,0.0198668,0.18949474,0.024926838,0.68917561
20171113-135507-3.jpg,6,8,0.0021784226,0.0038846987,0.0030125142,0.0022951267,0.0016315469,0.003339851,0.27384976,0.0014676921,0.70834035
20171113-135658-1.jpg,6,6,0.0040338621,0.15007314,0.0046572224,0.0020143974,0.00072610175,0.024285896,0.69901752,0.0067501352,0.10844181
20171113-135825-1.jpg,6,8,0.026386779,0.19209759,0.0055358429,0.02666896,0.011200329,0.086726166,0.12987152,0.019271821,0.50224102
20171113-140049-0.jpg,6,6,0.041239753,0.11662181,0.014684798,0.011526886,0.0082325805,0.021420578,0.62793392,0.03004251,0.12829715
20171113-140119-2.jpg,6,6,0.027775398,0.11562558,0.030563138,0.0045339973,0.0027732637,0.022573929,0.46265256,0.023961844,0.30954033
20171113-140134-2.jpg,6,6,0.036312036,0.3301709,0.0011653332,0.0060893395,0.0018301306,0.0076106656,0.3718785,0.054725215,0.19021785
20171113-140302-2.jpg,6,6,0.00055669493,0.038844034,0.00025187747,0.00026131683,5.898024e-05,0.0012280603,0.90004832,0.0010199306,0.057730775
20171113-140645-2.jpg,6,6,0.047286212,0.37290394,0.0045377454,0.0062240409,0.0043451283,0.024814084,0.39805096,0.033226017,0.1086119
20171113-141212-2.jpg,6,6,0.010371676,0.060092151,0.0011694761,0.0015239569,0.00088773185,0.0044433814,0.87767279,0.0065528848,0.037285965
20171113-141305-2.jpg,6,6,0.012162614,0.079115503,0.0026845497,0.0030908848,0.0021761782,0.0099017182,0.65452826,0.021979813,0.21436045
20171113-141411-2.jpg,6,6,0.015172993,0.020841762,0.0021076938,0.0043046372,0.0023028892,0.045886979,0.50763071,0.012187158,0.38956514
20171113-141437-2.jpg,6,6,0.013139814,0.11744109,0.026161337,0.043561455,0.029533941,0.015135139,0.41352412,0.021074457,0.32042858
20171113-141700-2.jpg,6,6,0.00063601561,0.012883672,0.00026386321,0.00022283131,0.00012912363,0.00062602252,0.96112967,0.0010991963,0.023009475
20171113-141831-2.jpg,6,8,0.045454897,0.10784816,0.027914956,0.023583274,0.015653519,0.022168618,0.16270436,0.062988304,0.53168392
20171113-142219-2.jpg,6,8,0.031813093,0.0045754523,0.0016090102,0.001246783,0.0007793688,0.036706161,0.062465534,0.013667394,0.84713727
20171113-142527-2.jpg,6,8,0.0072050779,0.002219843,0.0042125098,0.0036873659,0.0020224762,0.033089347,0.14296386,0.0020921812,0.8025074
20171113-142546-2.jpg,6,8,0.021086195,0.076393947,0.060955785,0.022792013,0.012375118,0.023161653,0.32141492,0.023667894,0.43815249
20171113-142659-3.jpg,6,8,0.0013593391,0.0015339971,0.004096007,0.0020368865,0.0015722031,0.0048567401,0.16550623,0.00076981145,0.81826884
20171113-142713-2.jpg,6,8,0.0050263284,0.018789081,0.0082934462,0.00086181302,0.00038665257,0.039553463,0.096053183,0.0030565104,0.82797951
20171113-142815-2.jpg,6,6,0.013940422,0.11179613,0.00097849499,0.0018643397,0.00092253851,0.0092348075,0.68775803,0.0091172932,0.16438796
20171113-142912-3.jpg,6,6,0.004772339,0.0498849,0.0012440606,0.00082889741,0.00034586122,0.0049559539,0.79496443,0.0029073888,0.14009617
20171113-142959-2.jpg,6,6,0.020179015,0.24678548,0.0050995313,0.018231628,0.0043364442,0.013816996,0.42666453,0.026302164,0.23858425
20171113-143038-3.jpg,6,6,0.01770805,0.060147036,0.017805938,0.0075363051,0.011052313,0.0074369558,0.49084169,0.017757453,0.36971435
20171113-143224-3.jpg,6,8,0.020916274,0.020315139,0.1388588,0.024780056,0.026768181,0.017202595,0.29273033,0.026130732,0.43229789
20171113-143334-0.jpg,6,8,0.036578991,0.023984632,0.13765749,0.05713778,0.1194945,0.018866964,0.17578493,0.028303524,0.40219116
20171113-143513-2.jpg,6,8,0.020931551,0.047381263,0.073151998,0.048152074,0.067226946,0.016580608,0.12767358,0.027735427,0.57116657
20171113-143857-2.jpg,6,6,0.0052305716,0.18070363,0.00076857704,0.0084929429,0.0017265627,0.0049429601,0.49165952,0.008165691,0.29830959
20171113-143903-3.jpg,6,6,0.016817212,0.078161888,0.0033000975,0.0018673043,0.00069423619,0.022601474,0.6703887,0.026664833,0.17950435
20171113-144311-2.jpg,6,1,0.018832995,0.55261892,0.0011391229,0.010596044,0.0021595675,0.0042129327,0.28729951,0.072381966,0.050758958
20171113-144333-3.jpg,6,7,0.10836302,0.28062668,0.0011741678,0.004914612,0.0011629595,0.016039839,0.14516874,0.28705689,0.15549316
20171113-144335-1.jpg,6,8,0.02679939,0.21668065,0.0033929108,0.0037778968,0.0010870995,0.036039457,0.31196684,0.031302754,0.36895302
20171113-144443-3.jpg,6,6,0.031481445,0.1307449,0.005155562,0.0078889392,0.0064610317,0.049549218,0.482301,0.043326296,0.24309166
20171113-144704-3.jpg,6,8,0.068274572,0.083569184,0.0017435775,0.0098489216,0.0031420949,0.096047923,0.020774338,0.031477895,0.68512154
20171113-144747-0.jpg,6,6,0.056401812,0.06298025,0.040737435,0.035980731,0.084590569,0.038598243,0.37539369,0.041067544,0.26424977
20171113-144803-1.jpg,6,8,0.048713047,0.13193765,0.056599572,0.026806751,0.015709119,0.070193358,0.24567175,0.081654035,0.32271475
20171113-144817-0.jpg,6,1,0.066137657,0.41280496,0.0037641881,0.0075561949,0.0026992646,0.014322937,0.39885914,0.05304141,0.040814333
20171113-144900-1.jpg,6,6,0.011868939,0.074054435,0.0054374542,0.0064452775,0.0036310204,0.0059347861,0.7969892,0.01176721,0.08387161
20171113-144918-1.jpg,6,8,0.0082445042,0.019551454,0.0060269008,0.0024281058,0.00099262234,0.018494163,0.26367053,0.0065702437,0.67402148
20171113-145257-3.jpg,6,8,0.0053694737,0.037711948,0.013399561,0.0043506962,0.0016596647,0.05414439,0.43186188,0.0038390292,0.44766337
20171113-145308-3.jpg,6,8,0.001923095,0.00081443752,9.8521814e-05,0.00026579687,6.207468e-05,0.010987559,0.011961888,0.00025432804,0.97363234
20171113-145415-3.jpg,6,8,0.010347358,0.0042180698,0.0014359817,0.0015719901,0.0014456081,0.023409264,0.045807678,0.0025643546,0.90919966
20171113-145418-1.jpg,6,8,0.0013971155,0.0031073331,0.0011309476,0.0011520587,0.00099707604,0.0051866653,0.14290629,0.0010101808,0.84311229
20171113-145433-1.jpg,6,6,0.0028193279,0.0052500218,0.00043397545,0.00039215069,0.00026043109,0.0077562584,0.56045783,0.0019420172,0.42068803
20171113-145453-1.jpg,6,8,0.0047672838,0.0066552483,0.078874312,0.0097964089,0.018054424,0.020088324,0.25785252,0.0034038399,0.60050756
20171113-145552-3.jpg,6,8,0.010685398,0.005988854,0.001676638,0.0017640056,0.00072229211,0.11917067,0.064065598,0.0017221634,0.79420435
20171113-150110-1.jpg,6,8,0.0060008224,0.012595129,0.41461909,0.027639501,0.011849812,0.012893991,0.050936621,0.0092780618,0.45418698
20171113-150156-1.jpg,6,8,0.0022177743,0.0010559356,0.0052516125,0.0033547375,0.00077875325,0.096081167,0.014163081,0.0014712625,0.87562567
20171113-150257-3.jpg,6,6,0.006837768,0.047265019,0.0029108373,0.0019510557,0.00099369977,0.0097135287,0.47289702,0.00577624,0.45165488
20171113-150301-1.jpg,6,8,0.0014050105,0.0021208269,0.021313205,0.001764698,0.00046215428,0.010448463,0.029065987,0.00053951604,0.9328801
20171113-150402-1.jpg,6,8,0.045180928,0.032397203,0.016533475,0.013560726,0.012904664,0.05638643,0.20705111,0.031956848,0.5840286
20171113-150448-3.jpg,6,8,0.0070154439,0.0023351037,0.00074291299,0.00053145399,0.00053256203,0.010415306,0.063857205,0.0030830661,0.91148698
20171113-151053-0.jpg,6,6,0.024976891,0.07255993,0.076577954,0.010442467,0.012031999,0.012033256,0.53799868,0.019039854,0.23433904
20171113-151346-3.jpg,6,6,0.007698914,0.033737104,0.0051151011,0.0039801812,0.0047860476,0.013064929,0.69932747,0.0058690575,0.2264211
20171113-151747-1.jpg,6,6,0.0065329084,0.087826967,0.0020199325,0.0023513467,0.0011564626,0.0039478606,0.86574882,0.0074044769,0.023011291
20171113-151931-1.jpg,6,8,0.011360366,0.014016342,0.080596127,0.0069232257,0.0043356558,0.0045367023,0.26294622,0.0085981414,0.60668725
20171113-152939-0.jpg,6,6,0.0091601247,0.1370994,0.0034153531,0.0031849199,0.00093892432,0.019477131,0.68710279,0.020511836,0.11910952
20171113-153033-0.jpg,6,6,0.012740332,0.16554239,0.0036484066,0.0073424,0.0020405466,0.0080006216,0.5683049,0.017727971,0.21465249
20171113-153600-0.jpg,6,6,0.063002229,0.36446813,0.0031200647,0.0030767897,0.00094238203,0.017664684,0.45228946,0.030668588,0.064767674
20171113-154731-0.jpg,6,6,0.024518358,0.028693506,0.00038220076,0.00062878709,0.00025459842,0.32914802,0.37662414,0.0052240775,0.2345264
20171113-154857-0.jpg,6,6,0.008418818,0.031474385,0.00035732813,0.00063293992,0.00026641047,0.004081923,0.86157078,0.0041232957,0.08907415
20171113-162820-0.jpg,6,5,0.0039749076,0.017203156,0.00018767329,0.00052111386,0.00010004412,0.4324545,0.37083402,0.0011508301,0.17357367
20171113-165829-0.jpg,6,6,0.041319307,0.19037244,0.0002144575,0.00066556153,0.00020461032,0.19427009,0.45105636,0.010913271,0.11098389
20171113-173213-0.jpg,6,8,0.027903982,0.026839517,0.012874136,0.018654294,0.0077074692,0.014615212,0.094675146,0.011452252,0.78527796
20171113-173648-0.jpg,6,8,0.021595916,0.14110231,0.0054912004,0.0066018007,0.0030717289,0.0088353306,0.28400359,0.017539507,0.51175857
20171113-175118-0.jpg,6,1,0.02019096,0.36348078,0.0034732749,0.0060603479,0.0010998582,0.096412398,0.29512191,0.031748015,0.18241246
20171121-071156-1.jpg,6,1,0.069684319,0.35304263,0.00097800686,0.0067844805,0.0012070292,0.016770691,0.16892628,0.23321183,0.14939469
20171121-071754-1.jpg,6,8,0.049851704,0.25164795,0.0051055145,0.0056864,0.0019134526,0.035998449,0.1451177,0.046548769,0.45813006
20171121-072239-1.jpg,6,8,0.0093809515,0.030934136,0.045071702,0.033359122,0.017655373,0.0086277416,0.09313786,0.018669972,0.74316311
20171121-072857-1.jpg,6,6,0.017521814,0.21393897,0.018656971,0.0090614352,0.0063882056,0.032699205,0.34363988,0.015448109,0.34264547
20171121-073208-1.jpg,6,8,0.029591966,0.11187668,0.0043712812,0.029375661,0.013154785,0.02248727,0.044458419,0.033968393,0.71071553
20171121-073257-1.jpg,6,8,0.1362222,0.20322284,0.0061421017,0.0096537909,0.0031235253,0.016092552,0.12209167,0.13568482,0.36776653
20171121-073259-1.jpg,6,8,0.0077108839,0.012538932,0.010967562,0.00884357,0.008014759,0.026621453,0.10607243,0.007873713,0.81135672
20171121-073624-1.jpg,6,8,0.021980628,0.041535277,0.0028670754,0.002808227,0.0015325791,0.040715348,0.22419778,0.014078553,0.65028453
20171121-073828-1.jpg,6,6,0.081000708,0.14993565,0.0022115167,0.0050457837,0.0011384798,0.039313652,0.35163909,0.034323134,0.33539206
20171121-074216-1.jpg,6,8,0.099744439,0.11713022,0.0016892384,0.0071602361,0.0045647165,0.16760287,0.17315449,0.062127542,0.36682624
20171121-074426-1.jpg,6,8,0.0088370927,0.0072346628,0.0022570491,0.0011036779,0.00044024782,0.01459683,0.30408359,0.0043395618,0.65710729
20171121-074610-1.jpg,6,8,0.01982362,0.052102424,0.0024681753,0.0091517046,0.0030683752,0.050413985,0.24372305,0.020883147,0.59836555
20171121-075130-1.jpg,6,8,0.039282486,0.16529229,0.0017248092,0.0079939598,0.0029748762,0.025245713,0.12951146,0.031068826,0.59690559
20171121-075511-1.jpg,6,8,0.015635459,0.060922448,0.031545177,0.0088541983,0.010216972,0.017647017,0.40652958,0.01537424,0.43327484
20171121-081850-2.jpg,6,6,0.017245337,0.069772631,0.00095086911,0.0010919062,0.00027900995,0.11952721,0.58456624,0.0086309612,0.19793585
20171121-082047-1.jpg,6,6,0.015757367,0.060748085,0.0045513315,0.006955619,0.0030319777,0.0038394232,0.46179947,0.017982652,0.42533413
20171121-082150-2.jpg,6,8,0.014016144,0.046881191,0.0035356644,0.003094381,0.00099353015,0.020829905,0.27668747,0.022182625,0.61177903
20171121-082544-2.jpg,6,6,0.011094607,0.10340877,0.00099543598,0.0010675,0.00037173997,0.048523642,0.59188628,0.0073550241,0.23529705
20171121-082732-2.jpg,6,8,0.10054759,0.15587428,0.001579383,0.0034035316,0.0011344013,0.21766251,0.18526754,0.09981671,0.23471406
20171121-082752-2.jpg,6,6,0.0070625842,0.036892291,0.0060208323,0.00091049122,0.0010699207,0.0033118748,0.87407827,0.0089653106,0.061688453
20171121-082826-2.jpg,6,6,0.0057503716,0.030245628,0.002823093,0.0012960227,0.00066165015,0.010290993,0.80486119,0.0056323241,0.13843878
20171121-082850-2.jpg,6,8,0.015325022,0.040008541,0.0029602023,0.0015651465,0.00063249673,0.038818344,0.2489284,0.0043991823,0.64736265
20171121-082948-2.jpg,6,6,0.0039778678,0.025699496,0.0092650624,0.0012269433,0.00073252042,0.019441593,0.55759943,0.0031866275,0.37887049
20171121-083319-1.jpg,6,1,0.065779366,0.37762645,0.0035631449,0.015793089,0.014462827,0.0062486529,0.24393915,0.077378348,0.19520897
20171121-083428-2.jpg,6,1,0.078998439,0.40570143,0.00045253825,0.0016071629,0.00044025137,0.01686907,0.40382454,0.022004409,0.070102252
20171121-083458-1.jpg,6,6,0.010269854,0.30657703,0.0012843225,0.0037767675,0.001105309,0.0049674064,0.51617348,0.015358317,0.14048752
20171121-083528-1.jpg,6,1,0.0093048615,0.77685332,4.2549615e-05,0.0002630144,4.8995702e-05,0.0022369926,0.19562954,0.010024836,0.0055958247
20171121-083556-1.jpg,6,1,0.030406207,0.38819373,0.0025539512,0.0212187,0.005694868,0.020656439,0.1377992,0.13490826,0.25856861
20171121-083607-1.jpg,6,6,0.017025644,0.22761844,0.0005903932,0.0017401839,0.0008137761,0.0192324,0.62268192,0.043553825,0.066743419
20171121-083628-1.jpg,6,1,0.053896382,0.49686113,0.00057131314,0.0066012493,0.0012159228,0.012191124,0.095751144,0.096730717,0.23618101
20171121-084218-1.jpg,6,6,0.0051752278,0.010018386,0.010786631,0.0024811211,0.0033978834,0.01536066,0.67858881,0.0021088503,0.27208248
20171121-084509-2.jpg,6,6,0.019826569,0.19534832,0.032159697,0.026340343,0.017373228,0.014294097,0.47617173,0.043397117,0.17508887
20171121-084620-1.jpg,6,1,0.062616736,0.34277382,0.0010209564,0.003875829,0.00085268071,0.33078778,0.18587549,0.007851582,0.064345121
20171121-084723-1.jpg,6,1,0.04935145,0.72249198,0.0005117199,0.0027900722,0.0008313104,0.0089687426,0.13402253,0.048202228,0.032829959
20171121-084809-1.jpg,6,6,0.0038676928,0.059648991,0.002115461,0.00086618704,0.00046641738,0.010732946,0.78762192,0.0046674176,0.13001302
20171121-084827-1.jpg,6,6,0.0023527795,0.022377187,0.00066883233,0.00039426878,0.00014638717,0.0041979924,0.92308074,0.0018719393,0.044909861
20171121-084920-1.jpg,6,6,0.010944916,0.24379472,0.0011188295,0.003753216,0.0013876754,0.0061945962,0.59312487,0.017508667,0.12217256
20171121-085219-1.jpg,6,8,0.037022896,0.12066662,0.0035660798,0.005747024,0.0044258176,0.0083468314,0.36705324,0.081920385,0.37125114
20171121-085233-1.jpg,6,6,0.018412519,0.097694114,0.0036890714,0.0031817574,0.0016614766,0.0072354916,0.74708545,0.022871248,0.098168813
20171121-085944-1.jpg,6,6,0.0042078034,0.035128757,0.0039140424,0.002507481,0.0016939117,0.0046512238,0.89334083,0.0060047088,0.048551261
20171121-090145-3.jpg,6,6,0.0074932543,0.022639327,0.011054158,0.0023265101,0.0018520522,0.011229483,0.61207002,0.0074610193,0.32387418
20171121-090429-3.jpg,6,1,0.056632902,0.48189503,0.0011369594,0.008082103,0.0029795298,0.039307792,0.18283568,0.13181843,0.095311575
20171121-090501-3.jpg,6,1,0.043055415,0.52195746,0.00036642043,0.0020813944,0.00056969264,0.0063394187,0.17187922,0.12054922,0.13320176
20171121-090623-3.jpg,6,2,0.0021547708,0.0086871684,0.66367441,0.0056985808,0.0097377943,0.010509735,0.082738601,0.0018973866,0.21490166
20171121-090736-3.jpg,6,8,0.018495334,0.032843173,0.12148976,0.047620423,0.025456639,0.0066730478,0.11555512,0.036851346,0.59501517
20171121-090747-1.jpg,6,6,0.0036516062,0.056128435,0.00038455066,0.001012363,0.0003097383,0.0058515216,0.79074055,0.0045610522,0.13736022
20171121-090750-3.jpg,6,8,0.016659584,0.040970881,0.16708036,0.021909781,0.030652167,0.0080181621,0.31464764,0.020521251,0.37954012
20171121-090841-1.jpg,6,8,0.044666786,0.08740171,0.010254245,0.0061869803,0.0083337054,0.098258831,0.19712797,0.01562434,0.53214544
20171121-090957-3.jpg,6,6,0.0042639435,0.067587115,0.0016275725,0.00097859593,0.0008546685,0.0059311357,0.84046626,0.0041171992,0.074173614
20171121-091203-3.jpg,6,6,0.017007507,0.34177372,0.0046260548,0.0022492814,0.00068741845,0.0054697115,0.52172571,0.0091087073,0.097351909
20171121-091325-3.jpg,6,8,0.031802464,0.024702054,0.0036148294,0.0021696899,0.001364478,0.05970566,0.11116785,0.022360787,0.74311221
20171121-101101-1.jpg,6,6,0.014880466,0.053378284,0.0016638737,0.0053903186,0.0016134171,0.043314207,0.69172221,0.013954196,0.17408311
20171121-101113-1.jpg,6,8,0.031854771,0.14920409,0.0030045742,0.0053455755,0.0012517861,0.065823004,0.34031644,0.025550198,0.37764961
20171121-101215-1.jpg,6,6,0.036568992,0.092418738,0.002740612,0.0082205078,0.0017831557,0.018295202,0.43341222,0.044905592,0.36165494
20171121-181134-2.jpg,6,1,0.10581584,0.47226164,0.00089029799,0.0029344175,0.00096925488,0.0052294689,0.27040792,0.10563146,0.035859633
20171122-095514-1.jpg,5,5,0.035894699,0.002535691,0.00038628536,0.00045961415,0.00020457999,0.89983499,0.0072804173,0.0057272231,0.047676548
20171122-095851-1.jpg,5,5,0.0019558151,0.00048658467,6.0708422e-05,0.00012506339,2.6497806e-05,0.92415911,0.0013573269,0.00039528692,0.071433537
20171122-100108-1.jpg,5,5,0.0028246117,0.00054132042,6.1179191e-05,0.00016438111,5.7471327e-05,0.98138291,0.0028029529,0.0002312219,0.011934023
20171122-101024-1.jpg,5,5,0.0088736434,0.0025068151,0.00010634818,0.00051959651,0.00012690674,0.94466156,0.0025198408,0.0013895658,0.039295603
20171122-101340-1.jpg,5,5,0.0020892271,0.0019313729,0.00027243822,0.00063630624,0.00035640772,0.92859232,0.0091692656,0.00039755338,0.056554969
20171122-101355-1.jpg,5,5,0.0018119983,0.00062519038,6.8978443e-05,0.00013113196,4.766064e-05,0.97484529,0.0026731172,0.00032803824,0.019468602
20171122-101532-1.jpg,5,5,0.0017732439,0.001781841,0.00027927334,0.00057284889,0.00012978898,0.8737061,0.0087636439,0.00052468828,0.11246857
20171122-101719-1.jpg,5,5,0.0053251847,0.0018891604,4.0849824e-05,0.00038757565,0.00010305022,0.91110617,0.0075202822,0.00060141436,0.073026374
20171122-101744-1.jpg,5,5,0.01018456,0.0021937957,4.9766546e-05,0.00015808146,3.0903666e-05,0.87712973,0.0077556418,0.0020311878,0.10046633
20171122-102100-1.jpg,5,8,0.0053070779,0.0049373712,7.7246477e-05,0.00014585945,7.5911936e-05,0.26702049,0.048998866,0.00083434157,0.67260283
20171122-102106-1.jpg,5,5,0.17667149,0.02524576,0.00013132597,0.00041611068,0.00010118109,0.59677094,0.049431618,0.048506457,0.10272518
20171122-102318-1.jpg,5,8,0.021268683,0.081947729,0.00022164435,0.004333314,0.0011751695,0.18290141,0.042887013,0.0093859918,0.65587908
20171122-102520-1.jpg,5,5,0.016537674,0.0010623952,1.4091088e-05,0.00012954242,3.9994433e-05,0.74531275,0.0024681457,0.0022236467,0.23221181
20171122-102653-1.jpg,5,5,0.016461045,0.008718946,0.0014633061,0.0031053363,0.002210615,0.65789086,0.046502441,0.0074545518,0.25619283
20171122-102820-1.jpg,5,5,0.034914546,0.010436088,0.00093339116,0.0018653211,0.00048228283,0.58160686,0.013759852,0.0098410519,0.34616053
20171122-103056-1.jpg,5,5,0.0057137776,0.0038897672,2.2710003e-05,0.0002152595,4.8282003e-05,0.71514922,0.027262321,0.0030032007,0.24469547
20171122-103153-1.jpg,5,5,0.0079310015,0.00052488549,3.8102928e-05,0.00028139434,8.8986206e-05,0.89688081,0.0018975479,0.0012560362,0.091101244
20171122-103247-1.jpg,5,5,0.0054496764,0.0021231649,0.00011579871,0.0001403762,5.2612064e-05,0.95369786,0.0060523124,0.0011169658,0.031251267
20171122-103329-1.jpg,5,5,0.001588554,0.00060549,5.1202376e-05,9.6680786e-05,2.4787871e-05,0.9047119,0.0077365357,0.00022479641,0.084959984
20171122-103345-1.jpg,5,5,0.0046893037,0.0019123427,2.337506e-05,6.9637987e-05,1.9822914e-05,0.91111612,0.027150474,0.00085381669,0.054165076
20171122-103413-1.jpg,5,5,0.011628092,0.00095630781,4.6840316e-05,0.000102872,2.5779807e-05,0.75047898,0.010387946,0.0010561344,0.22531709
20171122-103825-1.jpg,5,5,0.0030491317,0.00040499665,7.7254836e-06,2.8176752e-05,1.1689809e-05,0.98650432,0.0019272963,0.00028306802,0.0077836514
20171122-103945-1.jpg,5,5,0.00067408086,0.00066111423,4.1685431e-05,0.00019054746,3.7801532e-05,0.96810782,0.0043916455,0.00025869935,0.025636492
20171122-104102-1.jpg,5,5,0.00018461299,6.5514469e-05,2.8178454e-06,1.5365918e-05,3.0743122e-06,0.98964101,0.00039842041,2.109882e-05,0.0096681695
20171122-104124-1.jpg,5,5,0.0009409698,0.00032430532,5.4541788e-06,4.850157e-05,8.278781e-06,0.97180611,0.00079958519,0.00017299401,0.025893804
20171201-115646-1.jpg,8,8,0.017933806,0.00060968625,5.5645305e-05,0.00015895563,3.1291805e-05,0.05164336,0.0024503665,0.0055733528,0.92154354
20171201-115746-1.jpg,8,8,0.025435202,0.0034913819,8.9189534e-06,0.00064990192,3.5651152e-05,0.013484915,0.00074513466,0.015208323,0.94094062
20171201-115805-1.jpg,8,8,0.029975416,0.009347558,0.00017891249,0.0020076146,0.00038824702,0.0087582115,0.0017060761,0.013120988,0.93451703
20171201-115923-1.jpg,8,8,0.0081829773,0.0049611824,8.2838938e-05,0.00091594452,0.00011910949,0.060971178,0.0045698341,0.0046052057,0.91559178
20171201-115935-1.jpg,8,8,0.0087398952,0.016917374,0.00038264281,0.0033382326,0.00091390149,0.063932821,0.0043223281,0.0075729769,0.89387983
20171201-120036-1.jpg,8,8,0.0043562809,0.0016304528,0.00012502105,0.0010613713,0.00028280501,0.028176051,0.001645655,0.0010376374,0.96168476
20171201-120803-1.jpg,8,8,0.020286059,0.022415759,0.00044272226,0.0084633417,0.0016496169,0.060406037,0.0049458076,0.0078735417,0.87351704
20171201-120840-1.jpg,8,8,0.0098610492,0.0047696112,2.8362823e-05,0.0014722608,0.00022564181,0.2065642,0.00084019313,0.00099415006,0.77524453
20171201-123831-3.jpg,8,8,0.011777331,0.0030074853,2.9651226e-05,0.0006897822,5.0155333e-05,0.0019854987,0.00045360165,0.0026136388,0.97939289
20171203-082105-3.jpg,8,4,0.012519868,0.0062884395,0.041835424,0.26465705,0.48934269,0.0035444398,0.0030771815,0.014065824,0.16466898
20171203-164415-3.jpg,8,8,0.0077462196,0.0080311233,0.00034940796,0.027896699,0.0030698529,0.0044545247,0.0020034581,0.0044145556,0.94203418
20171203-164605-3.jpg,8,8,0.10606828,0.19869281,0.0017235563,0.027508475,0.0073163491,0.062402137,0.020870317,0.12494296,0.45047516
20171203-164630-3.jpg,8,8,0.0043146559,0.012460765,0.00019912845,0.0026501482,0.00042164116,0.0037127272,0.0050948616,0.0015253087,0.96962076
20171203-165059-3.jpg,8,8,0.057039134,0.03217297,0.00037460207,0.0046405047,0.0012568372,0.39797902,0.0043996167,0.039354403,0.46278298
20171203-165115-3.jpg,8,8,0.0092373677,0.014942617,0.0030270172,0.066142015,0.022517055,0.017637251,0.011124168,0.014764391,0.84060806
20171203-165302-3.jpg,8,8,0.09282922,0.096289314,0.0053676856,0.035015576,0.012956114,0.050799683,0.034069989,0.064451896,0.60822052
20171203-165314-3.jpg,8,8,0.035205577,0.033634331,0.0062158867,0.10917582,0.082605116,0.016950175,0.0096491566,0.059389867,0.64717406
20171203-165415-3.jpg,8,8,0.01826041,0.010085952,0.015875883,0.028338255,0.033400532,0.0040409132,0.015752483,0.026348395,0.84789717
20171203-165503-3.jpg,8,8,0.027397588,0.016716883,0.011212091,0.018614188,0.021565866,0.0063591097,0.020452894,0.036878351,0.84080303
20171203-165545-3.jpg,8,8,0.0056645609,0.011982153,0.0006540062,0.032460012,0.0083142417,0.0038365456,0.0037948135,0.0069433022,0.92635036
20171203-165745-3.jpg,8,8,0.015339693,0.025703529,0.077924453,0.134748,0.27152407,0.0098825451,0.012874158,0.039191123,0.41281244
20171203-165809-3.jpg,8,8,0.031469859,0.099036701,0.018598592,0.13743289,0.13076076,0.013399408,0.018557684,0.035938852,0.5148052
20171203-170230-3.jpg,8,8,0.038096108,0.060008164,0.018973606,0.10579653,0.072076112,0.037729748,0.0075106914,0.052774262,0.6070348
20171203-170325-3.jpg,8,8,0.034684125,0.044084042,0.0011107601,0.058189783,0.01315206,0.040402591,0.0018829516,0.038755909,0.76773775
20171203-170434-3.jpg,8,8,0.057843462,0.051713232,0.0034276901,0.029478917,0.010823181,0.29791081,0.019138141,0.052173555,0.47749108
20171203-170522-3.jpg,8,8,0.045010425,0.014898355,0.0046011652,0.056491427,0.041099772,0.050644025,0.0034557858,0.019821484,0.76397753
20171203-170534-3.jpg,8,8,0.067136526,0.038553074,0.008207337,0.12657589,0.1165605,0.1010502,0.0047090985,0.075271353,0.461936
20171203-170737-3.jpg,8,8,0.0066774925,0.0030914759,0.0044230334,0.018694701,0.017930573,0.0054699951,0.0058163167,0.0057925745,0.93210381
20171203-170753-3.jpg,8,8,0.025850093,0.017946394,0.0019734248,0.046819385,0.0094193174,0.023493471,0.0067835157,0.024895106,0.84281927
20171203-170805-3.jpg,8,8,0.061523557,0.15542938,0.0034536128,0.030737158,0.010918542,0.054256842,0.058248136,0.050496891,0.57493591
20171203-170835-3.jpg,8,8,0.00026721126,5.5403769e-05,0.00026407622,0.00077007239,0.00070622965,0.00012404809,0.00044203029,8.2943428e-05,0.99728799
20171203-170848-3.jpg,8,8,0.0019722986,0.00092198409,0.017610796,0.0049016476,0.0021981325,0.00064228615,0.0064409287,0.00059268065,0.96471924
20171203-171008-3.jpg,8,8,0.0062377159,0.039428525,0.0090056667,0.026447376,0.014141533,0.015939202,0.034967415,0.010922087,0.84291047
20171203-171022-3.jpg,8,8,0.00060550391,0.0012930137,0.00014695866,0.0035748745,0.0005227818,0.0016746505,0.00049618469,0.00058680173,0.99109918
20171203-171926-3.jpg,8,8,0.00011596009,0.00014343568,0.00013428791,0.00018323009,4.0084291e-05,0.00012946353,0.0014262974,3.4499961e-05,0.99779272
20171203-172120-3.jpg,8,8,0.084709302,0.099452943,0.00054983515,0.029512908,0.0021843845,0.033329032,0.028277569,0.10372574,0.6182583
20171203-172354-3.jpg,8,8,0.00046774614,0.00015775867,0.00013020758,9.2615941e-05,4.4779266e-05,0.00037179489,0.0051232646,0.00020940429,0.99340242
20171203-172543-3.jpg,8,8,0.023912737,0.029554948,0.0019554447,0.023026017,0.0037590163,0.15781538,0.0026219659,0.021071183,0.7362833
20171203-172556-3.jpg,8,8,0.026269821,0.070742339,0.0014756875,0.021006459,0.0066116308,0.042325027,0.0057480792,0.057965852,0.76785511
20171203-172608-3.jpg,8,8,0.13283505,0.047783326,0.006530615,0.024852172,0.0086262459,0.068343379,0.016924625,0.10237459,0.59173
20171203-172623-3.jpg,8,8,0.029964199,0.023841528,0.0048226044,0.02094044,0.0096646687,0.16982321,0.0064130067,0.023923267,0.71060705
20171203-172726-3.jpg,8,8,0.028528465,0.023569923,0.0020100458,0.0084015476,0.0041785799,0.020273939,0.0077048787,0.022798395,0.88253427
20171203-172809-3.jpg,8,8,0.069653399,0.14198875,0.011580192,0.040482223,0.03172325,0.075621672,0.028378049,0.10130119,0.49927127
20171203-172855-3.jpg,8,8,0.021580946,0.02188237,0.00074147613,0.018007576,0.0086607747,0.042952679,0.00099785754,0.023119371,0.86205697
20171203-173210-3.jpg,8,8,0.011358006,0.050439581,0.055168651,0.050137226,0.080736659,0.025042333,0.047297478,0.017754935,0.66206515
20171203-173246-3.jpg,8,8,0.013001906,0.01408984,0.1951306,0.033800658,0.023327712,0.032098122,0.015975088,0.010756615,0.66181946
20171203-173632-3.jpg,8,8,0.027141768,0.021878019,0.0012983755,0.018382929,0.0045370995,0.020119896,0.0032053045,0.024307059,0.87912959
20171203-173955-3.jpg,8,8,0.029660573,0.018690864,0.015769456,0.038781364,0.078530081,0.01591751,0.038617305,0.048625827,0.71540701
20171203-174204-3.jpg,8,8,0.019451283,0.023051688,0.0077945055,0.04341441,0.022110593,0.012984321,0.010072867,0.01576471,0.84535569
20171203-174235-3.jpg,8,8,0.018246476,0.029275438,0.026589639,0.057907946,0.072165735,0.031952314,0.016136415,0.025253063,0.72247303
20171203-174510-3.jpg,8,8,0.012894403,0.024538169,0.062683888,0.1065075,0.21220329,0.0096746627,0.031238742,0.021838492,0.51842088
20171203-174656-3.jpg,8,8,0.0055045728,0.025590722,0.0016556343,0.027589105,0.011548312,0.0056024347,0.011003421,0.0062751109,0.9052307
20171203-174853-3.jpg,8,8,0.040350508,0.04566652,0.010567897,0.016118346,0.034645926,0.011284546,0.058878724,0.046734251,0.73575324
20171205-123530-2.jpg,8,8,0.014521294,0.013634783,0.0029544851,0.025050836,0.0039818301,0.0020505129,0.001119224,0.014080632,0.92260641
20171205-123605-2.jpg,8,8,0.029933667,0.036807749,0.0006988048,0.0030906254,0.0016947484,0.074994773,0.030885622,0.035700548,0.78619337
20171205-123640-2.jpg,8,8,0.0058229119,0.0092756161,0.0011534442,0.0090904599,0.0029670552,0.016430849,0.010852447,0.0043665324,0.94004065
20171205-124014-2.jpg,8,8,0.0036007515,0.00089195895,1.7155189e-05,0.0006836027,8.1165417e-05,0.051642112,0.0019054061,0.0015054126,0.93967241
20171205-124035-2.jpg,8,8,0.025148997,0.017704729,0.023828616,0.018329922,0.0064160624,0.043668348,0.014174624,0.015152834,0.83557582
20171205-124050-2.jpg,8,8,0.021126382,0.014122089,0.30085653,0.052008037,0.061081525,0.03026166,0.02906999,0.018816296,0.47265744
20171205-124103-2.jpg,8,8,0.028129624,0.027334535,0.06325613,0.073956341,0.072668537,0.03587034,0.060313758,0.030043542,0.60842723
20171205-124515-2.jpg,8,8,0.010451494,0.0043230453,0.0040358249,0.039734617,0.036918741,0.10485986,0.0079874564,0.012119373,0.77956957
20171205-124625-2.jpg,8,8,0.014677005,0.0051565617,0.0037995786,0.017710188,0.013088391,0.24224687,0.0079219937,0.023026254,0.67237318
20171205-124856-2.jpg,8,8,0.003229026,0.00050339656,2.6186957e-05,0.00043791105,7.7473378e-05,0.097609513,0.00088128279,0.0017766081,0.89545864
20171205-133618-2.jpg,8,8,0.0013079169,0.00036843674,0.00016998165,0.0011268453,0.00031027614,0.0002042647,4.7125101e-05,0.00043136286,0.99603385
20171205-133727-2.jpg,8,8,0.0058221403,0.0019329822,0.00028044346,0.0043957061,0.0016845748,0.0027055847,0.00030963321,0.0027699559,0.98009896
20171205-133754-2.jpg,8,8,0.044682514,0.022322519,0.0036878113,0.035221558,0.0089358995,0.012758812,0.0092065688,0.022190964,0.8409934
20171205-134059-2.jpg,8,8,0.026623741,0.010458232,0.0037829031,0.020935372,0.010888097,0.0095981434,0.0015480028,0.014670131,0.90149534
20171205-134137-2.jpg,8,8,0.069371998,0.024775451,0.077908292,0.15778261,0.18804027,0.033292443,0.0053947647,0.054110896,0.38932332
20171205-134151-2.jpg,8,8,0.13043028,0.053411402,0.014546432,0.12050001,0.11582613,0.016422613,0.0034734244,0.10611826,0.43927151
20171205-134600-2.jpg,8,8,0.029298333,0.0082374969,0.0077103712,0.026972851,0.02605102,0.0090752449,0.00098308641,0.027663238,0.86400837
20171205-134821-2.jpg,8,8,0.017258363,0.032902986,0.0034889891,0.020079277,0.0081041316,0.03319256,0.0065699369,0.017625889,0.86077791
20171205-141003-2.jpg,8,8,0.027621137,0.034776364,0.013007269,0.028003927,0.020011596,0.10353836,0.023268569,0.048111476,0.70166129
20171205-141149-2.jpg,8,8,0.018344598,0.074952669,0.00075619313,0.011082655,0.0027061061,0.082573421,0.0045192568,0.012168323,0.79289681
20171205-141207-2.jpg,8,8,0.0048671612,0.0074833413,2.4211275e-05,0.0011231742,0.00018463751,0.086504512,0.0020250375,0.0027805404,0.89500737
20171205-141347-2.jpg,8,8,0.0022117288,0.001232203,5.8151771e-05,0.0016187296,0.0001979221,0.061970312,0.00080141251,0.00062052516,0.93128902
20171205-143227-2.jpg,8,8,0.0072673932,0.0010859095,8.9816684e-05,0.00085226668,0.00024314188,0.20945252,0.00058586552,0.0025318416,0.77789122
20171205-143444-2.jpg,8,8,0.0091159614,0.0035612653,0.0005662826,0.008590973,0.004320031,0.20434357,0.0031598215,0.0077978601,0.75854427
20171205-143514-2.jpg,8,8,0.0039447281,0.00090731512,0.00039392262,0.0040002242,0.0019779745,0.076034702,0.0012814036,0.0022167922,0.90924293
20171205-144102-2.jpg,8,8,0.0080786347,0.001435131,9.7667478e-05,0.0027554631,0.00068976317,0.17807887,0.00059054635,0.0031526925,0.80512124
20171205-144132-2.jpg,8,8,0.013726197,0.0036645331,0.0058917468,0.017173292,0.022205746,0.11311635,0.006786332,0.013813421,0.80362242
20171205-144342-2.jpg,8,8,0.01266646,0.0095039457,0.00060202583,0.0053754775,0.0020908122,0.28953445,0.0037576894,0.0048297173,0.67163944
20171205-144424-2.jpg,8,8,0.0012949766,0.00062036025,6.1560122e-06,0.00045691401,3.9804407e-05,0.098081522,0.00036386575,0.00019892017,0.89893752
20171205-144647-2.jpg,8,5,0.0027322259,0.006781036,9.8990095e-05,0.00049789896,9.1400223e-05,0.70113748,0.016925491,0.0011644302,0.27057096
20171205-144841-2.jpg,8,8,0.026663991,0.14133483,0.0014879649,0.0072558089,0.0013362361,0.060102403,0.040516745,0.019475229,0.70182675
20171205-144912-2.jpg,8,8,0.0042015058,0.0089567984,0.00036253349,0.0026657777,0.00041826913,0.085548103,0.001687603,0.0031117364,0.89304775
20171205-144945-2.jpg,8,8,0.0080048274,0.013016637,0.0019144124,0.025976291,0.015854213,0.014289656,0.031373162,0.012917965,0.8766529
20171212-092921-3.jpg,8,8,0.0076122712,0.0055678836,0.00014419187,0.0074846721,0.00072583341,0.033848319,0.0015477078,0.006496706,0.93657237
20171212-093006-3.jpg,8,8,0.021141754,0.019149749,0.00054495153,0.023778375,0.0043262029,0.046228051,0.0050834441,0.033183046,0.84656435
20171212-093146-3.jpg,8,8,0.01242512,0.0097344937,0.022904554,0.14654194,0.10838915,0.020683689,0.0043009892,0.013954186,0.66106588
20171212-093539-1.jpg,8,8,0.044846542,0.045619104,0.00053675711,0.025046716,0.0055064633,0.11925423,0.0017441441,0.040632486,0.71681356
20171212-093551-1.jpg,8,8,0.0031479818,0.0027017184,0.00011855594,0.0078725973,0.0015306473,0.022084756,0.00046935552,0.0021108787,0.95996356
20171212-093606-3.jpg,8,8,0.0061954577,0.0020460978,0.00059778086,0.017305331,0.0022458297,0.051302418,0.0015210847,0.0049884678,0.9137975
20171212-093616-1.jpg,8,8,0.011200658,0.0044452134,0.0035163306,0.082633272,0.027325002,0.017905246,0.0009231749,0.015753722,0.83629739
20171212-093708-1.jpg,8,8,0.0085126115,0.0059785978,9.9407953e-05,0.00068693614,0.00010308372,0.039239991,0.018926075,0.0022625362,0.92419076
20171212-093714-3.jpg,8,8,0.011778967,0.005123904,0.027828757,0.042215146,0.09867131,0.012308668,0.024213433,0.010036778,0.76782304
20171212-093855-1.jpg,8,8,0.038643308,0.064410359,0.0038447946,0.0059796926,0.0018712363,0.059118841,0.087303922,0.046992812,0.69183505
20171212-093911-3.jpg,8,8,0.0050850315,0.0068254317,0.0016586196,0.010822183,0.0060147201,0.0081755733,0.0061625461,0.004589844,0.95066607
20171212-093958-1.jpg,8,8,0.028757704,0.022221783,0.0024848278,0.011445642,0.0034530079,0.020600153,0.0083563877,0.01444795,0.88823247
20171212-094134-1.jpg,8,8,0.0097694779,0.0029328843,1.9517944e-05,0.00058649294,3.9839961e-05,0.084198326,0.0013201328,0.0064514927,0.89468187
20171212-094144-1.jpg,8,8,0.0056483625,0.0052275569,0.001483293,0.042267002,0.013659681,0.008271765,0.0044824011,0.0083131492,0.9106468
20171212-094300-3.jpg,8,8,0.0056186686,0.0035949624,0.00035381544,0.010869919,0.0014777177,0.0034126416,0.0011394519,0.0085208276,0.96501201
20171212-094300-1.jpg,8,8,0.0043898583,0.0040906449,2.0796693e-05,0.00092365517,6.3249383e-05,0.058794659,0.0011386138,0.001297217,0.92928123
20171212-094313-1.jpg,8,8,0.0016888235,0.00094394281,4.2004353e-06,0.00014925626,1.424036e-05,0.036624383,0.0004476055,0.0010042274,0.95912337
20171212-094409-1.jpg,8,8,0.0044792076,0.0013191344,5.55726e-05,0.0046006679,0.00069882278,0.043351103,0.00035160501,0.0013344371,0.94380951
20171212-094427-3.jpg,8,8,0.0030557304,0.00219044,0.00019765766,0.0063333833,0.00073240022,0.0010583323,0.00082330429,0.002479828,0.98312896
20171212-094459-1.jpg,8,8,0.007998961,0.0075137578,2.8360872e-05,0.0023654918,0.00017589264,0.076515928,0.00061840686,0.0060385717,0.89874458
20171212-094532-1.jpg,8,8,0.00063166837,0.00055274251,8.6386965e-05,0.0017567284,0.00022496661,0.0007574074,0.0010996702,0.00042685261,0.99446362
20171212-094611-1.jpg,8,8,0.016396876,0.015168582,7.0418864e-05,0.0020481569,0.00030646668,0.083581187,0.0019053547,0.0045511993,0.87597179
20171212-094623-3.jpg,8,8,0.0024976956,0.0036740073,5.6878166e-06,0.0017071371,4.4853532e-05,0.00088964246,0.00067057676,0.0015538309,0.98895651
20171212-094655-3.jpg,8,8,0.016383318,0.0090580964,3.2631015e-05,0.0021051315,0.00035166074,0.044447143,0.0013595886,0.0075211511,0.91874129
20171212-094711-1.jpg,8,8,0.0028207621,0.001180695,0.00011054488,0.0043200282,0.00053277379,0.0045467936,0.00071663392,0.0015265177,0.98424524
20171212-094741-1.jpg,8,8,0.0059342184,0.0049179797,2.9098434e-05,0.00067391153,0.00015458006,0.043812301,0.0012547588,0.0020462121,0.94117689
20171212-094756-1.jpg,8,8,0.0016913059,0.0018741852,1.5532889e-05,0.00030155675,4.7224297e-05,0.029715542,0.00061097165,0.00068882876,0.96505487
20171212-094855-3.jpg,8,8,0.014940423,0.0042566401,0.0047417055,0.017530972,0.0081567932,0.029680423,0.020852009,0.034100626,0.86574042
20171212-094932-1.jpg,8,8,0.0018342554,0.001390669,0.00014682056,0.0019938739,0.00063552754,0.005624773,0.00067788595,0.0006244675,0.98707169
20171212-095021-3.jpg,8,8,0.0049900627,0.0040708892,0.028290359,0.080860883,0.066453665,0.01352948,0.014740054,0.0051321476,0.78193241
20171212-095057-1.jpg,8,8,0.0016330644,0.0016582556,0.00063046132,0.016006567,0.0022571813,0.0056752316,0.0025167665,0.0012891797,0.96833324
20171212-095308-3.jpg,8,8,0.0027278045,0.0021450189,1.2325467e-05,0.0020818706,0.00016648779,0.0088435384,0.00042549372,0.0027076171,0.9808898
20171212-095344-3.jpg,8,8,0.022877108,0.011249691,0.0025734731,0.043531559,0.019714493,0.012513266,0.0037878598,0.018215846,0.86553675
20171212-095346-1.jpg,8,8,0.0050774845,0.0020189425,0.00028317896,0.0082321689,0.0017835746,0.0092794374,0.00036784,0.0018142345,0.97114313
20171212-095400-3.jpg,8,8,0.015105281,0.0088866716,0.0037688082,0.021079531,0.0098779555,0.015279984,0.0060008834,0.012198285,0.90780258
20171212-095412-3.jpg,8,8,0.022915782,0.0066752881,0.024430297,0.022716096,0.027259985,0.017617622,0.01333303,0.023383165,0.84166878
20171212-095425-3.jpg,8,8,0.011272291,0.0062502571,0.0012013603,0.024771821,0.0065287407,0.081866495,0.0025284118,0.0067073181,0.85887331
20171212-095519-3.jpg,8,8,0.0080849351,0.0041490151,0.0023051624,0.047777679,0.014278975,0.0062949872,0.0028406654,0.0093330601,0.90493548
20171212-095558-1.jpg,8,8,0.0037087738,0.0055799517,2.509178e-05,0.00068963395,0.00011243554,0.049430035,0.0060113575,0.0030034366,0.93143922
20171212-095618-3.jpg,8,8,0.0019732439,0.00026262287,0.00035825055,0.0039638747,0.000843285,0.00070389186,0.00094052189,0.001872459,0.98908186
20171212-095632-1.jpg,8,8,0.0027935165,0.005089689,0.00011069042,0.005570224,0.00075048255,0.0059353537,0.0011068627,0.0029523596,0.97569078
20171212-095706-1.jpg,8,8,0.096651033,0.080564886,0.0013715506,0.0043893051,0.0029604398,0.23975928,0.024770163,0.069128826,0.4804045
20171212-095738-3.jpg,8,8,0.012077235,0.0063860491,0.00074167148,0.024623157,0.0088273911,0.014691953,0.0017504825,0.006805405,0.92409658
20171212-095844-1.jpg,8,8,0.013490827,0.013254593,5.0997547e-05,0.010448183,0.0005447726,0.040836256,0.00088483613,0.0091775637,0.91131204
20171212-095920-1.jpg,8,8,0.012371984,0.010021001,0.00043764085,0.011378056,0.0022968443,0.062347468,0.0023455978,0.0045035607,0.8942979
20171212-095921-3.jpg,8,8,0.043241836,0.040470965,0.0019679612,0.039004821,0.013112636,0.072789162,0.0058611613,0.032816838,0.75073463
20171212-095934-3.jpg,8,8,0.00049295602,0.00010407577,0.00026667907,0.00089896697,0.0011223218,0.00045317106,0.0026989761,0.00012285363,0.99384004
20171212-095946-1.jpg,8,8,0.010334616,0.023969278,8.6139571e-06,0.0016479875,7.8030309e-05,0.040612333,0.001087117,0.0081087863,0.91415322
20171212-100032-1.jpg,8,8,0.0071101915,0.0055941558,0.0017336946,0.02829838,0.0044647013,0.003816986,0.00293422,0.008114771,0.93793285
20171212-100128-1.jpg,8,8,0.055286143,0.064085864,4.6545854e-05,0.00737873,0.00021786796,0.19735272,0.011467185,0.022250349,0.64191461
20171212-100154-3.jpg,8,8,0.0097541818,0.0036559976,0.00053526321,0.0060397643,0.0010092006,0.065190837,0.0041278373,0.0069296942,0.90275723
20171212-100236-3.jpg,8,8,0.010954914,0.022670606,0.0099851554,0.019266678,0.014954155,0.021109985,0.055155639,0.0092175668,0.83668536
20171212-100257-1.jpg,8,8,0.0023121068,0.0023606753,6.589113e-05,0.0017397061,0.0005394672,0.0056257132,0.00024613185,0.0013873816,0.98572296
20171212-100328-1.jpg,8,8,0.0016950935,0.0018747188,0.00045270301,0.024411084,0.0053914124,0.0014742416,0.0019772407,0.0016890364,0.96103442
20171212-100359-1.jpg,8,8,0.016798342,0.011515373,3.6810608e-05,0.00054124836,4.9738672e-05,0.10325085,0.0045952811,0.0065609175,0.85665137
20171212-100403-3.jpg,8,8,0.0082925558,0.0033051905,1.6104985e-05,0.00053274061,6.323609e-05,0.030739544,0.0025262339,0.0059873415,0.94853699
20171212-100412-1.jpg,8,8,0.0015159084,0.00098355173,0.0011300439,0.0093009984,0.0054641389,0.00077337539,0.0021052186,0.00066701625,0.97805971
20171212-100437-3.jpg,8,8,0.033377748,0.010399479,0.00023215277,0.0037076722,0.00046805627,0.1063406,0.0029062273,0.01631291,0.82625514
20171212-100531-3.jpg,8,8,0.010102855,0.013637657,3.8418752e-05,0.0008271985,0.00010035765,0.10355203,0.025436617,0.004367671,0.84193712
20171212-100553-3.jpg,8,8,0.0066013345,0.013821566,0.00047793871,0.002075505,0.00069247029,0.026706584,0.0070696031,0.0054455325,0.93710941
20171212-100614-3.jpg,8,8,0.0043061655,0.0033266011,0.00044136064,0.0065242909,0.00074335921,0.018734908,0.00222744,0.0035157946,0.96018004
20171212-100627-1.jpg,8,8,0.0089022014,0.008655495,0.0017586917,0.022121685,0.0067187636,0.07142242,0.002996824,0.0082613528,0.86916256
20171212-100705-1.jpg,8,8,0.034152545,0.024550477,0.0014219726,0.011300599,0.0012658623,0.025007287,0.020449232,0.051360019,0.83049202
20171212-101605-3.jpg,8,8,0.028962292,0.011738879,0.14855978,0.069400735,0.067095727,0.0069324491,0.007064933,0.036879953,0.62336528
20171212-101707-3.jpg,8,8,0.061556391,0.021464452,0.00063033018,0.0024154154,0.00067192293,0.05786385,0.039996475,0.042740904,0.77266026
20171212-101811-3.jpg,8,8,0.035900827,0.032373782,0.00038687579,0.011174073,0.0015967313,0.0093276026,0.0012278693,0.017906692,0.89010549
20171212-102030-3.jpg,8,8,0.00093750731,0.00055747555,0.0017715573,0.014889818,0.0057768486,0.00086358492,0.001267341,0.00062492565,0.97331095
20171212-102031-3.jpg,8,8,0.020188844,0.0074339672,0.0039354423,0.026992373,0.015892209,0.0050858003,0.0039101304,0.019525953,0.89703524
20171212-102128-3.jpg,8,8,0.032911163,0.012501193,0.0024038667,0.0095966468,0.0045720767,0.011191046,0.01083563,0.014711461,0.90127695
20171212-102223-3.jpg,8,8,0.0016800334,0.00057958777,0.00042771839,0.015746109,0.0031561353,0.0011079591,0.00054024241,0.00075760903,0.97600454
20171212-102312-3.jpg,8,8,0.091437459,0.02415774,0.013307508,0.083424464,0.037958808,0.017842107,0.0044845715,0.12068093,0.60670644
20171212-102352-3.jpg,8,8,0.10537776,0.044575877,0.0042818869,0.093516521,0.032042369,0.025830874,0.0042607454,0.15897699,0.53113699
20171212-102425-3.jpg,8,8,0.0080956984,0.0066684885,0.00021408312,0.0018728026,0.00043872703,0.0049193264,0.0032118182,0.0033378934,0.97124118
20171212-102523-3.jpg,8,8,0.00068010209,0.001163993,0.00057497114,0.0006918303,0.00022999538,0.0003803373,0.0016019611,0.00033553253,0.99434125
20171212-102803-3.jpg,8,8,0.019812848,0.061605044,0.0017659032,0.020522213,0.010477372,0.016250748,0.012874872,0.019684212,0.83700681
20171212-102928-3.jpg,8,8,0.086935408,0.0849557,0.010824518,0.077705994,0.029133057,0.06098691,0.036982976,0.16740005,0.44507536
20171212-103805-3.jpg,8,8,0.11814774,0.082646199,0.005831847,0.037883591,0.022306124,0.017586999,0.0094938138,0.21729544,0.48880827
20171212-103853-3.jpg,8,8,0.074991427,0.070718065,0.0074369493,0.044981427,0.010556874,0.038566843,0.0070739263,0.11244102,0.63323343
20171212-104215-3.jpg,8,8,0.13301244,0.036443278,0.01132782,0.087119803,0.064074323,0.032728609,0.010227861,0.14359224,0.48147368
20171212-104309-3.jpg,8,8,0.026583904,0.020496285,0.00072302553,0.077066205,0.0051085036,0.062630281,0.0040381486,0.025848897,0.7775048
20171212-104332-3.jpg,8,8,0.024330083,0.022514822,0.020084519,0.058817521,0.031788863,0.020232638,0.0062834234,0.026846437,0.7891016
20171212-104850-3.jpg,8,8,0.024855217,0.029315844,0.0003887307,0.026617568,0.0027830587,0.030988384,0.00064255047,0.012954571,0.87145406
20171212-104939-3.jpg,8,8,0.011168686,0.0055443919,0.0002941709,0.0055808849,0.0024516941,0.02044652,0.004910436,0.0061896918,0.94341356
20171212-105011-3.jpg,8,8,0.051793966,0.01608534,0.0017539747,0.026361948,0.0081985528,0.11490319,0.0044580647,0.054169208,0.72227573
20171212-105035-3.jpg,8,8,0.015312248,0.0022282843,6.8379821e-05,0.0020986907,0.00018860098,0.02115538,0.00036872685,0.010398852,0.94818085
20171212-105237-3.jpg,8,8,0.084759124,0.011761967,0.0017333984,0.023960421,0.010307947,0.02527071,0.0021714026,0.038128223,0.80190682
20171212-105254-3.jpg,8,8,0.065032154,0.031010557,0.010008161,0.11320107,0.03591891,0.021112697,0.0044561513,0.05181279,0.66744751
20171212-105430-3.jpg,8,8,0.083030194,0.024798132,0.0024366106,0.083849497,0.019654876,0.015748648,0.0027318143,0.1081081,0.6596421
20171212-105614-3.jpg,8,8,0.033614963,0.026000297,0.014642592,0.16835211,0.067696974,0.014495841,0.010318795,0.06127191,0.60360652
20171212-105731-3.jpg,8,8,0.030686516,0.060057241,0.011843376,0.019964032,0.018539712,0.0091676181,0.034443639,0.047056999,0.76824087
20171212-105742-3.jpg,8,8,0.0020522596,0.0024098638,0.0059505049,0.003979912,0.0032589475,0.0020020788,0.0065505388,0.0020060269,0.9717899
20171212-110050-3.jpg,8,8,0.053499147,0.033837032,0.0043219361,0.041507371,0.0099301692,0.023014842,0.0036911119,0.083315022,0.74688339
20171217-103432-2.jpg,8,5,0.36141121,0.033948395,0.00028623795,0.00077094702,0.00020373063,0.40799943,0.015574449,0.024816323,0.15498923
20171217-103537-2.jpg,8,8,0.055938985,0.10999682,0.00025955663,0.00093692477,0.00025995364,0.27253053,0.01740589,0.020593531,0.5220778
20171217-103616-2.jpg,8,8,0.017939897,0.031949755,0.011734121,0.019888964,0.009107938,0.030598264,0.017977858,0.026262684,0.83454055
20171217-115550-2.jpg,8,8,0.022723172,0.0097243497,0.001041482,0.0040037078,0.00068957632,0.038879309,0.0063837729,0.023064701,0.89348996
20171217-183442-2.jpg,8,8,0.1936074,0.066948637,0.0017607636,0.012476064,0.0070643262,0.19978233,0.011919511,0.24505104,0.26138991
20171217-183506-2.jpg,8,8,0.050609656,0.055842545,0.0056018126,0.049425855,0.016403966,0.20019002,0.016701259,0.10358346,0.50164145
20171217-183514-2.jpg,8,8,0.011730894,0.059300821,0.0013632764,0.0024516226,0.0013316707,0.30350271,0.063399404,0.0064863381,0.55043328
20171217-183635-2.jpg,8,8,0.11892056,0.020041846,0.007303345,0.012503352,0.019556029,0.032119125,0.014939318,0.038012054,0.73660433
20171217-183729-2.jpg,8,4,0.012135634,0.0045168949,0.10140064,0.11867064,0.574983,0.0069347578,0.0090692462,0.01092798,0.16136123
20171217-183949-2.jpg,8,5,0.12884548,0.064518869,0.00062179333,0.002593939,0.0010182046,0.56501281,0.0278953,0.032927498,0.17656609
20171217-184011-2.jpg,8,5,0.041174524,0.034565195,9.8444718e-05,0.00057055219,0.00020113484,0.45702222,0.021929309,0.0044830311,0.43995559
20171217-184047-2.jpg,8,8,0.04040309,0.090177737,0.0017776469,0.011156762,0.0023350068,0.022030363,0.017459786,0.049235359,0.76542431
20171217-184108-2.jpg,8,8,0.032488938,0.020556493,0.047799762,0.079038084,0.23442367,0.086084858,0.034209836,0.051372182,0.4140262
20171217-184116-2.jpg,8,8,0.021769287,0.017678408,0.0050831684,0.055333875,0.021625914,0.036615871,0.0091262609,0.029224096,0.80354315
20171217-184519-2.jpg,8,8,0.14490357,0.041040592,0.0050726887,0.038152017,0.014874773,0.21332037,0.0083076367,0.1627579,0.3715705
20171217-184608-2.jpg,8,8,0.03074096,0.04751081,0.0019891625,0.017280802,0.0067368853,0.27320659,0.0082892217,0.010212217,0.60403341
20171217-184732-2.jpg,8,8,0.047445185,0.13875173,0.0012173218,0.0045528123,0.0012167878,0.29704034,0.094642974,0.027185654,0.38794717
20171217-185004-2.jpg,8,8,0.050085008,0.039481424,0.001875272,0.0029993914,0.0015595118,0.14598121,0.014948587,0.029559331,0.71351027
20171218-103414-2.jpg,8,8,0.10289559,0.04198857,0.0016548628,0.10115261,0.010775842,0.033541456,0.00089211116,0.13104554,0.57605344
20171218-103624-2.jpg,8,7,0.15090311,0.078396939,0.0036048845,0.041030083,0.010562444,0.10434031,0.010171548,0.33918554,0.26180515
20171218-103929-3.jpg,8,8,0.0029526353,0.0044001271,0.0040520527,0.041910533,0.044613242,0.0021416037,0.0048543545,0.0025438163,0.89253157
20171218-104002-3.jpg,8,8,0.0031791881,0.00040221316,0.016491013,0.017313471,0.048858657,0.0015227663,0.0035125257,0.0036148594,0.90510529
20171218-104122-3.jpg,8,8,0.044977594,0.057298865,9.1612172e-05,0.0010507646,0.00019110869,0.19764145,0.019287189,0.031499423,0.64796197
20171218-104150-2.jpg,8,7,0.29934528,0.10880088,3.2440639e-05,0.00094538683,0.00011391343,0.017933905,0.0061048758,0.33786637,0.22885694
20171218-104227-2.jpg,8,8,0.01420902,0.0023831092,3.0836043e-05,0.0003156988,4.2199361e-05,0.44435832,0.0013586007,0.0061386568,0.53116351
20171218-104431-2.jpg,8,8,0.040054556,0.042789046,9.3694303e-05,0.003798557,0.00051375094,0.032635491,0.0032859261,0.038053527,0.8387754
20171218-104826-3.jpg,8,8,0.00059434894,0.00018578002,5.7517645e-06,0.00019329382,4.2730462e-05,0.0013591095,9.7674725e-05,0.00012150415,0.99739981
20171218-104904-3.jpg,8,8,0.0082398644,0.0088834809,6.3895488e-05,0.0049134535,0.00060290651,0.0066404245,0.00041935043,0.003793167,0.96644342
20171218-104928-2.jpg,8,8,0.022194585,0.028960874,1.4782543e-05,0.0015348606,0.00010008203,0.04158815,0.0011417379,0.014947222,0.88951766
20171218-105052-2.jpg,8,8,0.2266347,0.031922489,0.0031350525,0.020656189,0.0097625004,0.045785483,0.0048099444,0.27056932,0.38672438
20171218-105147-2.jpg,8,8,0.027043482,0.013686815,0.0088645779,0.0095661776,0.0093324967,0.013950376,0.032946751,0.022463398,0.8621459
20171218-105200-2.jpg,8,8,0.050475694,0.040135954,8.1520098e-05,0.0022508882,0.00038328924,0.06551218,0.0030893569,0.034565795,0.8035053
20171218-105319-3.jpg,8,8,0.0011466817,0.0036533317,1.7358661e-05,0.00080717955,0.00021188219,0.0021304949,0.00079545705,0.00092823361,0.99030942
20171218-105544-3.jpg,8,8,0.064200163,0.090589166,0.00011931929,0.0020846517,0.00038799207,0.12358229,0.016056241,0.17788436,0.52509582
20171218-105746-3.jpg,8,8,0.0051702675,0.0023298953,0.00023384312,0.0045608957,0.0010446294,0.0056702532,0.00020047225,0.0034694986,0.97732019
20171218-105835-3.jpg,8,8,0.013796414,0.010945377,0.00015795483,0.013382417,0.0015189463,0.036193188,0.00075605389,0.013394585,0.90985507
20171218-110251-3.jpg,8,8,0.023889069,0.025037983,0.0013585768,0.032761384,0.0052802432,0.004635151,0.0014571594,0.024497299,0.88108319
20171218-110305-2.jpg,8,8,0.10251266,0.08131092,0.0001108265,0.002376141,0.00028989062,0.10172258,0.0047256602,0.071654312,0.635297
20171218-110342-2.jpg,8,8,0.03872104,0.027071185,7.2781753e-05,0.0025765859,0.0002497712,0.24563268,0.027868045,0.015139763,0.64266813
20171218-110357-2.jpg,8,8,0.012086977,0.0057632974,2.5348027e-05,0.00065624726,0.00011663729,0.24487303,0.0098827584,0.010792378,0.71580333
20171218-110527-2.jpg,8,0,0.38389647,0.044921298,0.0001475521,0.0022519347,0.00053041027,0.055522311,0.0021915312,0.13421559,0.3763229
20171218-110555-3.jpg,8,8,0.020069584,0.0078834044,0.0021204301,0.063763142,0.009627955,0.017077014,0.0023211364,0.010483615,0.86665368
20171218-110809-3.jpg,8,8,0.021078831,0.0073700948,0.0098586092,0.031328626,0.052926369,0.035641864,0.0048854416,0.010755611,0.82615453
20171218-110810-3.jpg,8,8,0.06956847,0.027955854,0.0064023789,0.13122933,0.042273283,0.025037823,0.0038401214,0.090447508,0.60324526
20171218-110916-2.jpg,8,8,0.17372867,0.018318988,0.00042316626,0.0024630197,0.00042846194,0.0092523554,0.011091276,0.071323074,0.71297103
20171218-110942-3.jpg,8,8,0.0059746373,0.014704701,0.00028102097,0.0022880347,0.00097490603,0.013431473,0.0014782387,0.0033176197,0.95754933
20171218-111008-3.jpg,8,8,0.0046014665,0.0014120229,0.0001105433,0.0022715537,0.0003971296,0.0020210156,0.00040281954,0.0016373437,0.98714614
20171218-111019-2.jpg,8,8,0.070449755,0.012112727,0.0027648876,0.19053334,0.053339347,0.0059370711,0.00072451832,0.055731911,0.60840642
20171218-111124-3.jpg,8,8,0.0077717262,0.017038541,0.0015436079,0.0063097063,0.0087905293,0.056259148,0.0050925049,0.0097075962,0.88748664
20171218-111125-3.jpg,8,8,0.0024566685,0.0028455597,4.2689899e-05,0.0045742341,0.0010980207,0.0026617364,0.0001567521,0.002741192,0.98342311
20171218-111152-2.jpg,8,8,0.01754046,0.0029544418,0.025702393,0.038121883,0.047095474,0.00296541,0.0021466941,0.0097767254,0.85369653
20171218-111211-3.jpg,8,8,0.031812828,0.055600964,0.0025842364,0.031860244,0.0092122927,0.084078409,0.0037462618,0.030243924,0.75086081
20171218-111405-2.jpg,8,8,0.055864204,0.023023099,0.046431411,0.28802061,0.17787375,0.0095506757,0.0048264931,0.055764817,0.33864495
20171218-111415-2.jpg,8,3,0.020666039,0.0086834393,0.12042629,0.33708966,0.18080483,0.0067925216,0.0090848152,0.030241944,0.28621048
20171218-111452-2.jpg,8,8,0.03288905,0.025362112,0.00092120498,0.073399954,0.0066970694,0.01106248,0.001613886,0.030356338,0.81769788
20171218-111506-2.jpg,8,2,0.015695032,0.0036185132,0.55707854,0.054139413,0.064802654,0.0080419844,0.015876796,0.013189684,0.26755741
20171218-111539-2.jpg,8,8,0.0040165908,0.0026060366,0.077068135,0.090480678,0.11164322,0.002824052,0.010368991,0.0030251145,0.69796717
20171218-111742-3.jpg,8,8,0.040257834,0.0094440766,6.0341928e-05,0.0011383928,0.00034435792,0.052613124,0.0020613454,0.011146449,0.88293403
20171218-112135-3.jpg,8,8,0.0048198961,0.0013099156,1.5014016e-05,0.00020410816,5.5325716e-05,0.0073479917,0.00050576351,0.00060971716,0.98513228
20171218-112608-3.jpg,8,8,0.003248112,0.0054834769,0.0001642111,0.0035766736,0.00076110888,0.002685514,0.0015438899,0.0020754596,0.98046148
20171218-113230-3.jpg,8,8,0.0051997807,0.0068664732,0.00026406886,0.0023335097,0.00090395607,0.012235412,0.0019209249,0.0049427175,0.96533316
20171218-113540-3.jpg,8,8,0.021517249,0.068568058,0.00058294454,0.0023841066,0.00048494956,0.078310937,0.035287526,0.014402655,0.77846152
20171218-114804-2.jpg,8,8,0.018541675,0.021139501,0.010717551,0.10025617,0.025407322,0.0075415187,0.0079083676,0.021123705,0.78736418
20171218-114829-3.jpg,8,8,0.0021879026,0.0020603018,0.00027132215,0.0044362685,0.00084033847,0.024000285,0.0019407495,0.0011456577,0.96311718
20171218-115026-3.jpg,8,8,0.018434398,0.023777209,0.0016655489,0.02677728,0.01128694,0.21091792,0.013744324,0.028465915,0.6649304
20171218-115240-2.jpg,8,8,0.00093510863,0.00057855539,4.8531139e-05,0.001029463,0.00012205686,0.00036067585,0.00045908478,0.0003091688,0.99615735
20171218-115348-3.jpg,8,5,0.019500494,0.0080252578,0.00075723679,0.0030498488,0.0015968365,0.76886278,0.0037255799,0.0099739153,0.18450807
20171218-115503-3.jpg,8,8,0.0072262902,0.013918893,0.00082674169,0.010273069,0.0024282518,0.34740019,0.0094461506,0.0072199837,0.60126042
20171218-120003-3.jpg,8,8,0.0016929803,0.00069522118,0.00015332639,0.0019772057,0.00030588216,0.044588778,0.00062595546,0.00065055274,0.94931006
20171218-120009-2.jpg,8,8,0.00099972286,0.0005194486,1.4759644e-06,0.00023352249,1.511536e-05,0.0018255641,6.0846269e-05,0.00024289491,0.99610138
20171218-120115-3.jpg,8,8,0.0024875698,0.0036546465,1.246645e-05,0.00069599814,5.2331521e-05,0.072322823,0.0006512996,0.00080488075,0.91931802
20171218-120204-2.jpg,8,8,0.072412014,0.0084188711,0.00020702924,0.006406541,0.00091872097,0.023815522,0.0011587798,0.030454345,0.85620821
20171218-120252-2.jpg,8,8,0.0031205039,0.00085022789,7.9950169e-06,0.0001813111,1.2870752e-05,0.0057671927,0.00028749579,0.00068701111,0.98908538
20171218-120446-2.jpg,8,8,0.0034098909,0.021635579,0.00025680201,0.0041383523,0.0006820311,0.086749636,0.0094901845,0.0031097697,0.8705278
20171218-120628-2.jpg,8,8,0.0052349968,0.0033223962,4.7895046e-05,0.00093167933,0.00014398727,0.0030713743,0.00082347228,0.0033946501,0.98302954
20171218-120712-2.jpg,8,8,0.003976108,0.0011840046,3.5173741e-06,0.00023007572,3.2574619e-05,0.01192219,0.00024770654,0.0014904669,0.98091334
20171218-120733-3.jpg,8,8,0.0063762465,0.0030859783,0.03001388,0.0044732601,0.0035895987,0.0058918921,0.024686486,0.0046361247,0.91724658
20171218-120814-2.jpg,8,8,0.0023211178,0.010574778,0.00018706014,0.0032123353,0.0010766791,0.0041360483,0.0023038168,0.0017412882,0.97444689
20171218-120855-2.jpg,8,8,0.00074826489,0.0004612972,9.8740738e-06,0.00051211513,4.11894e-05,0.00091217028,3.8325503e-05,0.00020167859,0.99707508
20171218-120917-3.jpg,8,8,0.029280705,0.1550526,7.2432886e-05,0.0023993924,0.00023813148,0.060206451,0.03430561,0.066997044,0.65144765
20171218-121152-3.jpg,8,8,0.010426444,0.063250192,0.00034602647,0.00092395593,0.0003091587,0.058763608,0.21289934,0.013333475,0.6397478
20171218-121231-3.jpg,8,8,0.0044604363,0.012436667,0.0002664834,0.0062771235,0.00072838581,0.022773858,0.0030338471,0.0062061907,0.94381702
20171218-121237-2.jpg,8,8,0.0060525951,0.0037052303,7.8444427e-05,0.0016234329,0.000359586,0.010752204,0.0012484899,0.0018633822,0.97431666
20171218-121328-3.jpg,8,8,0.0060808277,0.0019749119,0.00052701245,0.0026795231,0.0011019633,0.013789106,0.0027930783,0.0033752075,0.96767831
20171218-121356-2.jpg,8,8,0.00130934,0.00081650977,2.0590971e-05,0.00098561251,0.00010704264,0.0035805744,0.00036789806,0.00052154163,0.99229091
20171218-121457-3.jpg,8,8,0.004364471,0.0092439391,0.0011112913,0.0047217701,0.0023862892,0.15761475,0.0088916924,0.0040868074,0.80757898
20171218-121510-3.jpg,8,8,0.01791816,0.01800292,0.0038041901,0.010419942,0.0081705553,0.23553577,0.0090947943,0.020291248,0.6767624
20171218-121638-2.jpg,8,8,0.0091162371,0.0069102226,0.00025528754,0.0070843287,0.0010201451,0.005636144,0.00064541231,0.0043913382,0.96494085
20171218-121655-2.jpg,8,8,0.0025474837,0.0022887341,4.186721e-05,0.0087898541,0.00045173531,0.0010709602,0.00031991189,0.0022574966,0.98223197
20171218-121708-3.jpg,8,8,0.0074110241,0.0027862182,0.00029005547,0.0034200253,0.0017782571,0.20703557,0.0055235662,0.0030153564,0.76873994
20171218-121856-3.jpg,8,8,0.015028214,0.0053118286,0.00044187394,0.0058759279,0.0030717787,0.34568596,0.0024162447,0.0090035638,0.6131646
20171218-121944-3.jpg,8,8,0.00035953216,3.2481952e-05,2.7552762e-06,0.00032730174,3.2496391e-05,0.01078776,2.4815159e-05,0.0001345835,0.9882983
20171218-121959-3.jpg,8,8,0.0038309852,0.0010151686,8.7557877e-05,0.0015764409,0.00064976362,0.13982086,0.0012323306,0.0018362668,0.84995061
20171218-122026-2.jpg,8,8,0.019044997,0.0090767229,0.00038059382,0.0082211001,0.0011163626,0.023620578,0.0017059813,0.012652792,0.92418092
20171218-122047-2.jpg,8,8,0.0049675461,0.010449702,0.00053063763,0.0040830285,0.000552118,0.0035586834,0.0086369524,0.0047056791,0.96251565
20171218-122058-3.jpg,8,8,0.019407831,0.006604902,0.00026019287,0.016211081,0.0026261334,0.32765993,0.001425154,0.013869648,0.61193514
20171218-122135-2.jpg,8,8,0.0033652431,0.011649484,1.091023e-05,0.0012934461,8.37279e-05,0.0057787849,0.00093295943,0.0024702656,0.97441518
20171218-122147-2.jpg,8,8,0.0032416834,0.0087417923,3.5578418e-05,0.0071091182,0.00040012362,0.0084051797,0.00020029004,0.0034671533,0.96839911
20171218-122156-2.jpg,8,8,0.002381521,0.00041269095,8.2878414e-06,0.00053978566,3.0970572e-05,0.001363993,8.0856429e-05,0.00038606112,0.99479586
20171218-122235-2.jpg,8,8,0.01736342,0.0075846952,7.0501846e-05,0.002216246,0.00025978897,0.18651614,0.004730531,0.0086467955,0.77261186
20171219-092731-3.jpg,8,8,0.0091525726,0.0036637776,0.0068368749,0.034476399,0.05441403,0.012787268,0.0020973296,0.0096275825,0.86694413
20171219-092736-2.jpg,8,8,0.0065010469,0.0035484394,0.00036887394,0.014242837,0.0021189305,0.049684171,0.0020192384,0.0064679035,0.91504854
20171219-092807-3.jpg,8,8,0.015538383,0.0056754686,0.020706518,0.088683777,0.084189475,0.051017635,0.024219921,0.015191101,0.69477773
20171219-092922-2.jpg,8,8,0.0019123662,0.00040881598,0.00010460296,0.0054140114,0.0013116003,0.015173338,0.0011920899,0.0021135306,0.97236967
20171219-093001-2.jpg,8,8,0.0025537608,0.00027180562,0.0057626343,0.015982401,0.0030637565,0.01728102,0.0031495669,0.0006803326,0.95125467
20171219-093103-3.jpg,8,8,0.0045507434,0.0057211267,0.00054307358,0.010598367,0.0039775693,0.014498524,0.0060025263,0.0034719917,0.95063615
20171219-093202-3.jpg,8,8,0.047675166,0.098770879,0.0010883203,0.0045737391,0.0028217065,0.054712962,0.10532673,0.028989995,0.65604049
20171219-093257-2.jpg,8,8,0.020634687,0.009203284,0.14693379,0.092294678,0.12832761,0.062582232,0.014258254,0.027815687,0.49794981
20171219-093341-3.jpg,8,8,0.022871962,0.011647443,0.00081064529,0.0044866712,0.0016681384,0.0033383647,0.0090384493,0.015339321,0.93079901
20171219-093659-2.jpg,8,8,0.010194333,0.012765025,0.0065160696,0.031917054,0.0094736582,0.018438015,0.0069776368,0.0081186993,0.89559954
20171219-093807-2.jpg,8,8,0.019010501,0.024197908,0.042285144,0.12397321,0.11037137,0.025894644,0.0044272947,0.012579971,0.6372599
20171219-093904-2.jpg,8,8,0.042162295,0.015144859,0.0094677862,0.076014377,0.021656144,0.019367099,0.00099140347,0.051667612,0.76352841
20171219-094001-3.jpg,8,8,0.071875818,0.020057525,0.010925074,0.075661995,0.045041248,0.029247729,0.0070357393,0.079383805,0.66077107
20171219-094115-2.jpg,8,8,0.020323006,0.032002207,0.040489752,0.036089383,0.021002511,0.057126172,0.01202419,0.011513592,0.76942921
20171219-094128-3.jpg,8,8,0.15360467,0.0377158,0.00047416348,0.021009509,0.004592462,0.019827889,0.00068105542,0.082943901,0.67915058
20171219-094130-2.jpg,8,8,0.015079107,0.0017263831,0.0067835147,0.023849051,0.0074525862,0.027107535,0.0017362402,0.0036997616,0.91256583
20171219-094213-2.jpg,8,8,0.021168519,0.019992355,0.0083186431,0.039628953,0.017943777,0.048858631,0.016613428,0.014602089,0.81287366
20171219-094325-3.jpg,8,8,0.090526871,0.013036854,0.0012048221,0.067577735,0.0080769463,0.047165483,0.0013075235,0.046704218,0.72439957
20171219-094325-2.jpg,8,8,0.0029981486,0.0026525406,0.0017571106,0.015102496,0.0061053862,0.0040564639,0.0021694473,0.0026119472,0.96254647
20171219-094335-2.jpg,8,8,0.00082548702,0.0011558397,0.000652947,0.0069600702,0.0032958149,0.0027652406,0.0016820008,0.00059501111,0.98206758
20171219-094406-3.jpg,8,8,0.0051435702,0.0052887448,0.0001534473,0.0030691714,0.00055588951,0.0036587068,0.0020281207,0.0033895934,0.97671276
20171219-094517-3.jpg,8,8,0.06579522,0.020315874,0.00013031102,0.0038878128,0.0006655638,0.043776073,0.0049764826,0.025795309,0.83465731
20171219-094754-2.jpg,8,8,0.0064671212,0.0031816137,0.0016511451,0.017801477,0.0053069699,0.018680738,0.0027483667,0.0097968327,0.93436581
20171219-094839-2.jpg,8,8,0.019123934,0.0059874882,0.0031510093,0.03648068,0.0093747694,0.21374768,0.004994642,0.0097397892,0.69739997
20171219-094915-2.jpg,8,8,0.012483234,0.0017693124,0.00047863118,0.0084370468,0.0021988181,0.089655526,0.001529474,0.0073805097,0.87606746
20171219-094930-3.jpg,8,8,0.0071870955,0.0032800871,0.00016262039,0.0010722941,0.00034242548,0.0067394674,0.0011768548,0.0032352712,0.9768039
20171219-095036-2.jpg,8,8,0.0030752816,0.0073218667,0.0052116187,0.027914967,0.010512323,0.011163514,0.002058536,0.0017310088,0.93101084
20171219-095140-3.jpg,8,8,0.023392662,0.020287178,5.4732845e-05,0.0045974748,0.00043571895,0.1388022,0.00098323089,0.014235258,0.79721159
20171219-095213-3.jpg,8,8,0.016884146,0.010037393,0.00035054394,0.0033069833,0.0018644199,0.016743982,0.0013318445,0.008601984,0.94087869
20171219-095245-2.jpg,8,8,0.0037570293,0.0040761698,0.00059128634,0.016231071,0.0034846677,0.0023038464,0.0013072857,0.0026225403,0.96562606
20171219-095246-2.jpg,8,8,0.01325351,0.014132843,0.0050939969,0.01449677,0.0047728741,0.011383611,0.0026999174,0.011501547,0.922665
20171219-095250-3.jpg,8,8,0.016666552,0.0036772098,0.00017160579,0.0070344182,0.0011505423,0.013206022,0.0011603287,0.0062279394,0.95070541
20171219-095321-2.jpg,8,8,0.0034260927,0.00052530121,0.0041621788,0.00558763,0.0032567843,0.0017769083,0.001336769,0.0010140751,0.97891426
20171219-095343-2.jpg,8,8,0.020642499,0.015871525,0.00045983924,0.024215797,0.0060566058,0.027188683,0.0013029382,0.011609744,0.89265239
20171219-095353-2.jpg,8,8,0.0035241388,0.0032133828,0.0077027101,0.016093554,0.0098736072,0.008682847,0.010063374,0.0027039533,0.93814242
20171219-095359-3.jpg,8,8,0.00097982422,0.00010557818,0.00016547406,0.00043927439,0.00015036728,0.0022062811,0.0002380478,0.00025238426,0.99546272
20171219-095638-3.jpg,8,8,0.0062623299,0.002844535,0.0015705413,0.01219578,0.0082400376,0.0010252129,0.00065324083,0.0030666797,0.96414167
20171219-095730-2.jpg,8,8,0.0015929661,0.00038285294,8.5740918e-05,0.0010533192,0.00015387131,0.024212308,0.0010532609,0.00037350188,0.97109216
20171219-095801-3.jpg,8,8,0.0059701665,0.0039760973,0.0029007914,0.015276593,0.0065972265,0.0089745848,0.0026705328,0.0031693408,0.95046467
20171219-095803-2.jpg,8,8,0.00057706906,0.00034360134,3.3929122e-05,0.0014451341,0.0001620931,0.01093947,0.00037653034,0.00030090931,0.98582119
20171219-095804-2.jpg,8,8,0.0033799652,0.0010869476,0.0010579444,0.0045429389,0.0018341641,0.013779741,0.001099785,0.0026533091,0.97056526
20171219-095814-2.jpg,8,8,0.0011445746,0.0010719545,0.00028200401,0.0021448403,0.00071110239,0.011683799,0.00087353139,0.00030475273,0.98178345
20171219-095817-3.jpg,8,8,0.003020366,0.0016924404,0.00014634122,0.0025867866,0.0010052013,0.0017416953,0.0011250626,0.0013636652,0.98731846
20171219-100000-2.jpg,8,8,0.0029283219,0.0017379798,0.0013207751,0.015307991,0.0043426645,0.0056805531,0.00071998488,0.0013803534,0.9665814
20171219-100242-3.jpg,8,8,0.092330754,0.040365044,0.00039338603,0.0057940842,0.0019326115,0.028988574,0.0025079702,0.068291128,0.75939649
20171219-100301-3.jpg,8,3,0.023799429,0.024412258,0.044063762,0.42364764,0.20360672,0.0040274477,0.0031083231,0.023970287,0.24936423
20171219-100344-2.jpg,8,8,0.07904166,0.019024659,0.070527941,0.068790004,0.050262157,0.044592824,0.0061726333,0.056852866,0.60473526
20171219-100345-2.jpg,8,8,0.017654927,0.015494269,0.093327232,0.12278542,0.034317091,0.11813758,0.039398599,0.010399437,0.54848546
20171219-100442-2.jpg,8,8,0.013193641,0.032838259,0.032683052,0.18912882,0.22365256,0.0094695594,0.014328542,0.015461802,0.46924371
20171219-100454-2.jpg,8,8,0.0065659806,0.0075614275,0.047773104,0.11573669,0.098456338,0.0023401168,0.0037172425,0.0075511942,0.71029788
20171219-100558-2.jpg,8,8,0.033220097,0.019774651,0.049138222,0.12008233,0.14111164,0.0073684701,0.011809718,0.024722476,0.59277242
20171219-100605-2.jpg,8,8,0.0055400175,0.002097684,0.037292037,0.096450761,0.13389024,0.0098280432,0.0028788445,0.0050093536,0.70701307
20171219-100707-3.jpg,8,8,0.038654782,0.0045182537,0.00010023687,0.0010893599,0.00034418769,0.014745138,0.0030601902,0.0069025224,0.93058532
20171219-100748-2.jpg,8,8,0.005256779,0.0056718965,0.020462764,0.18867099,0.15631482,0.003422901,0.0046761828,0.0082623679,0.6072613
20171219-100818-2.jpg,8,8,0.0045488826,0.0025335734,0.050561085,0.11967857,0.13088748,0.0011744831,0.0015638275,0.0073206164,0.68173146
20171219-101321-3.jpg,8,8,0.012334645,0.010773555,0.00021448178,0.0041914657,0.0012353098,0.012931109,0.0015156036,0.0076407176,0.94916314
20171219-101508-2.jpg,8,4,0.010399198,0.0069950507,0.11203471,0.22859423,0.32693017,0.0038965405,0.0035949666,0.012402619,0.2951526
20171219-101528-2.jpg,8,8,0.010685,0.003138823,0.15636864,0.1399097,0.18470785,0.0024297009,0.0038554405,0.013459791,0.48544505
20171219-101903-2.jpg,8,8,0.0075970525,0.0054161637,0.041647732,0.11647669,0.12969321,0.021746818,0.0063559376,0.0083755162,0.66269094
20171219-102135-3.jpg,8,8,0.03896039,0.015601741,0.0021142981,0.10259186,0.02283263,0.030465616,0.0016500014,0.024423001,0.76136047
20171219-102203-3.jpg,8,8,0.018648721,0.010492102,0.00031409352,0.012814996,0.0020269065,0.013832977,0.0014045374,0.024108514,0.9163571
20171219-102311-2.jpg,8,8,0.045334101,0.034416527,0.075434022,0.092433453,0.16350545,0.053608481,0.014681375,0.048285324,0.47230127
20171219-102324-2.jpg,8,8,0.038319889,0.015727697,0.010608166,0.11419357,0.19502191,0.057350032,0.0084023299,0.042159013,0.51821738
20171219-104517-2.jpg,8,8,0.04077825,0.011002182,0.017748443,0.039749645,0.079903215,0.036682125,0.01370558,0.046449419,0.71398109
20171219-104702-2.jpg,8,4,0.04803481,0.022972029,0.036495376,0.079499818,0.45836443,0.053971529,0.0080723651,0.039195593,0.2533941
20171219-104736-2.jpg,8,8,0.0073438366,0.0020500168,0.0032417409,0.036769331,0.015008883,0.015163762,0.0029010982,0.0076777777,0.9098435
20171219-104932-3.jpg,8,8,0.0038710623,0.010172645,0.0020797991,0.014160149,0.0032888106,0.0058638807,0.0022360126,0.002266739,0.95606089
20171219-105010-2.jpg,8,8,0.025043093,0.0078741563,0.012212479,0.034910448,0.032341696,0.040961649,0.0070135258,0.02176784,0.81787509
20171219-105244-2.jpg,8,8,0.030670324,0.026246933,0.016477171,0.12345319,0.096438743,0.019303275,0.0048470148,0.04100002,0.6415633
20171219-105452-3.jpg,8,8,0.084595941,0.024199441,0.0009473954,0.017700745,0.0024696463,0.052287597,0.0028425821,0.067714348,0.74724233
20171219-105508-2.jpg,8,8,0.025162555,0.012301564,0.0067485897,0.032105256,0.027761661,0.03784091,0.019106813,0.026111012,0.81286168
20171219-105531-3.jpg,8,8,0.02498549,0.056193478,0.0017338581,0.024593718,0.0082975822,0.072649613,0.0085154539,0.020374408,0.78265637
20171219-105546-3.jpg,8,8,0.013431506,0.038464721,0.0029876099,0.032201976,0.014833544,0.25084001,0.020057099,0.025980433,0.60120308
20171219-105713-3.jpg,8,8,0.0054312041,0.0018861119,0.00075435988,0.0012536297,0.00057902798,0.0046425061,0.0044124797,0.0039159474,0.97712475
20171219-105955-3.jpg,8,8,0.018125173,0.037134957,0.0058657723,0.0089950068,0.0056209681,0.11950825,0.039609656,0.019457445,0.74568284
20171219-110028-2.jpg,8,8,0.043183822,0.04955877,0.037672564,0.068914309,0.057465222,0.021829356,0.02633304,0.035658874,0.65938407
20171219-110043-2.jpg,8,8,0.013445814,0.040015645,0.050617069,0.10850109,0.12754919,0.095873944,0.022200922,0.015893454,0.52590287
20171219-110049-3.jpg,8,8,0.016000545,0.0083632953,0.00087515486,0.024363667,0.0024242406,0.005351352,0.0048763128,0.013254396,0.92449105
20171219-110213-3.jpg,8,8,0.021771442,0.011771955,0.085573934,0.10687109,0.074111596,0.010291671,0.0095327068,0.039327554,0.64074802
20171219-110250-3.jpg,8,8,0.05142954,0.013231901,0.023994241,0.045391269,0.030658519,0.029354434,0.016167732,0.069655061,0.72011733
20171219-110311-3.jpg,8,8,0.040616237,0.035405878,0.0019726881,0.03548146,0.033650048,0.0071149478,0.013484414,0.05252881,0.77974546
20171219-110445-2.jpg,8,8,0.018099343,0.011726493,0.0072003403,0.067575395,0.037502758,0.015077965,0.0046435562,0.03524325,0.80293095
20171219-110447-2.jpg,8,8,0.021548336,0.011184594,0.0038493969,0.023060091,0.008367992,0.039856125,0.0019384959,0.023574535,0.86662048
20171219-110453-3.jpg,8,8,0.057867259,0.034389712,0.0036034794,0.066272847,0.033149008,0.015907818,0.0048711388,0.095848583,0.68809015
20171219-111704-3.jpg,8,4,0.0021641012,0.0012172181,0.29861596,0.061135527,0.54500639,0.0015097491,0.0061499816,0.0040511456,0.080149934
20171219-111825-3.jpg,8,4,0.0025973881,0.0014998961,0.10122418,0.079152681,0.54255056,0.0013125754,0.0055494183,0.004009963,0.26210335
20171219-111957-3.jpg,8,8,0.0011322347,0.00025511201,0.0064846156,0.0091840634,0.033602376,0.0019249788,0.0033333972,0.0010980099,0.94298524
20171219-112017-2.jpg,8,8,0.0050299536,0.0022881257,0.034436755,0.049816195,0.1349602,0.016327569,0.0066074883,0.0036516925,0.74688196
20171219-112038-2.jpg,8,8,0.0043251938,0.0019391609,0.33405191,0.037175525,0.10519078,0.074039504,0.037724186,0.0036530984,0.40190062
20171219-112111-2.jpg,8,8,0.0029324139,0.0013065381,0.16618411,0.036409542,0.19243121,0.0056720371,0.017896349,0.0035300408,0.57363778
20171219-112206-2.jpg,8,4,0.0046686176,0.0031256722,0.1407643,0.093397431,0.41070345,0.0044496269,0.0067793508,0.0073095383,0.32880208
20171219-112327-2.jpg,8,8,0.0053568161,0.002621012,0.049856845,0.053636078,0.063989006,0.022985032,0.029012159,0.0038608732,0.76868212
20171219-112328-2.jpg,8,4,0.0044935718,0.0015346397,0.22004384,0.063271552,0.38254836,0.0027454523,0.012064116,0.0077280574,0.30557039
20171219-112351-2.jpg,8,2,0.0015993424,0.0022278707,0.39278698,0.068283677,0.2994937,0.0043702698,0.012284377,0.0033870528,0.21556672
20171219-112408-3.jpg,8,2,0.0006970971,0.0007650457,0.68349832,0.023478918,0.08201129,0.00060271617,0.0055659963,0.0013740822,0.20200646
20171219-112426-2.jpg,8,8,0.0031575251,0.0027694739,0.1657109,0.10156722,0.18351841,0.013828101,0.013808852,0.0042757019,0.5113638
20171219-112429-3.jpg,8,8,0.0020381971,0.00097007694,0.28787649,0.033691224,0.10979554,0.00183741,0.0096771801,0.0017766479,0.55233729
20171219-112509-2.jpg,8,8,0.006716446,0.0060704658,0.07344982,0.11179984,0.13516195,0.13283123,0.024527321,0.00603671,0.50340623
20171219-112533-3.jpg,8,2,0.003084321,0.0019718076,0.64960682,0.048878498,0.079385109,0.0029997593,0.020043153,0.0063736979,0.18765682
20171219-112609-3.jpg,8,4,0.0025137409,0.00069077074,0.28524712,0.060936887,0.35015392,0.0013834883,0.0069683068,0.0046183565,0.28748745
20171219-112740-2.jpg,8,4,0.0026709021,0.0037204362,0.22427028,0.1530192,0.33169535,0.0023603986,0.0090155713,0.0053211483,0.26792669
20171219-112917-2.jpg,8,8,0.0037817666,0.004523979,0.091806047,0.13571247,0.33089337,0.019813083,0.018163294,0.0052256808,0.3900803
20171219-112948-3.jpg,8,8,0.014430152,0.0061112386,0.14497736,0.044556264,0.029973209,0.0030264743,0.0064451592,0.011807396,0.73867267
20171219-112959-2.jpg,8,8,0.0030156956,0.0041647488,0.0043252958,0.020864893,0.018815538,0.03700817,0.01177079,0.0028712084,0.89716369
20171219-113025-3.jpg,8,8,0.0031716886,0.00072947098,0.12470545,0.013325499,0.065638654,0.0017317627,0.012214029,0.0013547543,0.7771287
20171219-113027-2.jpg,8,8,0.0032047438,0.00188673,0.036665391,0.12795275,0.38044825,0.0019893299,0.0042652707,0.0065227929,0.43706474
20171219-113121-3.jpg,8,8,0.012436246,0.0053983536,0.22681047,0.11930543,0.24405052,0.0056242426,0.0075515467,0.018043876,0.36077929
20171219-113208-2.jpg,8,8,0.0019468713,0.0012423916,0.0016190527,0.010832349,0.01045683,0.012930378,0.0088208094,0.001436523,0.95071477
20171219-113320-2.jpg,8,8,0.0020035114,0.00058475824,0.062789932,0.032660406,0.099424995,0.0054393872,0.039609402,0.0016344163,0.75585318
20171219-113328-3.jpg,8,8,0.018711252,0.021693025,0.15090892,0.19357803,0.25904095,0.004592292,0.032070864,0.040978525,0.27842611
20171219-113443-3.jpg,8,2,0.0077566071,0.0031713394,0.53465086,0.065208562,0.2255217,0.0038742002,0.014442713,0.0098304059,0.13554369
20171219-113519-3.jpg,8,2,0.004577361,0.0028198881,0.40302762,0.06975612,0.20695746,0.0023671496,0.010310778,0.0076199071,0.29256377
20171219-113537-3.jpg,8,2,0.0094556808,0.0030868535,0.36216426,0.060998306,0.21106113,0.0033873371,0.0068987063,0.0095075667,0.3334401
20171219-113552-3.jpg,8,2,0.0068924073,0.0025090093,0.49379587,0.06077724,0.29583567,0.0026286759,0.0086008301,0.010141146,0.11881911
20171219-113849-3.jpg,8,4,0.0074206637,0.0050334916,0.24439307,0.10302555,0.39316678,0.0050558075,0.013228807,0.010911766,0.21776409
20171219-114005-3.jpg,8,8,0.0099705793,0.0038081263,0.27087796,0.076441832,0.255997,0.0095912283,0.013215186,0.01174085,0.34835726
20171219-114105-3.jpg,8,8,0.005371368,0.0051997276,0.19515422,0.09623497,0.24622579,0.0036476811,0.022303335,0.009560463,0.41630247
20171219-114123-2.jpg,8,2,0.0031710155,0.0012994003,0.51360387,0.047110893,0.13388754,0.0038378034,0.013207424,0.0040028202,0.27987924
20171219-114149-2.jpg,8,8,0.0044282619,0.0018991177,0.057541449,0.045851622,0.085924961,0.0064691151,0.0090746591,0.0044591469,0.78435165
20171219-114238-2.jpg,8,8,0.0065793986,0.0031085073,0.14857318,0.068588696,0.26996997,0.0039822808,0.016909022,0.011073085,0.47121578
20171219-114325-3.jpg,8,8,0.079314366,0.014582411,0.1375315,0.042657621,0.07638593,0.034411274,0.032256529,0.061717264,0.52114308
20171219-114408-2.jpg,8,8,0.0046500317,0.0057566538,0.078652948,0.0772001,0.29206699,0.010756954,0.012748779,0.006663017,0.51150453
20171219-114449-2.jpg,8,8,0.0090002976,0.0054783756,0.21799777,0.087457292,0.27866828,0.0067372979,0.019733515,0.015296166,0.35963103
20171219-114459-2.jpg,8,2,0.0031585379,0.0012625532,0.44519803,0.036531206,0.35230643,0.0022034936,0.010281213,0.0050992011,0.14395937
20171219-114601-3.jpg,8,7,0.22042646,0.089562044,0.022295957,0.084262446,0.095762722,0.013016245,0.026489776,0.25610024,0.19208412
20171219-114633-2.jpg,8,2,0.0032551787,0.0013278064,0.53723699,0.04359645,0.22244631,0.0030191073,0.0089846691,0.0044030892,0.17573044
20171219-114634-3.jpg,8,8,0.010454465,0.0030226426,0.028227294,0.11599213,0.22105978,0.0072030388,0.0041025043,0.0090233497,0.60091478
20171219-114634-2.jpg,8,4,0.0047193486,0.0033239059,0.16176198,0.069971547,0.43993005,0.0040746438,0.015920734,0.010152244,0.29014555
20171219-114635-2.jpg,8,4,0.0047172662,0.006285395,0.27937263,0.11900113,0.34949797,0.0082753468,0.025596851,0.014630995,0.19262236
20171219-114725-2.jpg,8,8,0.024482548,0.012455748,0.048916813,0.043863703,0.22231488,0.028715001,0.013319679,0.03230245,0.5736292
20171219-115114-2.jpg,8,8,0.014820042,0.0056947474,0.073609129,0.058812223,0.25518611,0.014052644,0.025704976,0.020983648,0.53113645
20171219-123742-2.jpg,8,8,0.0030142339,0.0043622348,0.032835197,0.079980798,0.19130401,0.01372081,0.023967665,0.0038145226,0.64700049
20171220-082349-2.jpg,8,8,0.10755904,0.0071760979,0.00024229843,0.011780589,0.0016347716,0.10381647,0.00087150227,0.05407073,0.71284848
20171220-082359-2.jpg,8,8,0.1302515,0.0069080228,0.00019150853,0.0069849147,0.0031122619,0.093899645,0.00040884071,0.085305125,0.67293817
20171220-082659-2.jpg,8,8,0.0033660962,0.0033184285,1.0305141e-05,0.00022566646,2.6514157e-05,0.025658786,0.0004170491,0.0010718345,0.96590537
20171220-082718-2.jpg,8,8,0.0089934822,0.001528649,1.9099423e-05,0.00034007916,9.5858166e-05,0.059089754,0.0005043436,0.0024996661,0.92692906
20171220-082755-2.jpg,8,8,0.030541359,0.0050438615,4.9515882e-05,0.0028803195,0.00061489333,0.12187555,0.00053054816,0.012864987,0.82559896
20171220-082756-3.jpg,8,8,0.064352937,0.012506428,0.00092901388,0.033458423,0.01517364,0.076491177,0.0029698701,0.049852658,0.74426579
20171220-082819-3.jpg,8,8,0.041251674,0.0056884759,0.00025158454,0.0040802443,0.0019238958,0.086583897,0.00073170103,0.027462628,0.83202589
20171220-082846-2.jpg,8,8,0.20998603,0.0072627342,0.0017870397,0.031986516,0.0175709,0.041114792,0.0029143512,0.27100909,0.41636851
20171220-082953-3.jpg,8,8,0.031786993,0.0042641358,0.00016619405,0.010777029,0.0026527953,0.18892452,0.0011166527,0.022119977,0.73819166
20171220-083031-2.jpg,8,8,0.10394798,0.031861916,0.0072542215,0.15120411,0.073160335,0.042945076,0.0027141864,0.12239839,0.46451378
20171220-083100-2.jpg,8,8,0.096233636,0.014920954,0.00080957764,0.04766532,0.0068643256,0.022683768,0.00044492498,0.071491174,0.73888636
20171220-083131-2.jpg,8,8,0.091771282,0.010732832,0.00042754735,0.0075184065,0.0017003675,0.25799611,0.00089460396,0.054189228,0.57476962
20171220-083149-3.jpg,8,8,0.17972058,0.0051598479,0.00058991695,0.0042105578,0.0022858854,0.16888873,0.0043446403,0.13916452,0.49563533
20171220-083218-2.jpg,8,8,0.01763895,0.0056616561,0.058330774,0.18320674,0.31187099,0.010022636,0.006085394,0.02029272,0.38689014
20171220-083245-3.jpg,8,8,0.028684506,0.0018220074,0.00028457236,0.003156689,0.0015645565,0.26040468,0.0043757968,0.032366496,0.6673407
20171220-083324-2.jpg,8,8,0.029952575,0.016671235,0.0024606038,0.018458135,0.0073068622,0.035940055,0.071680769,0.026407149,0.79112256
20171220-083340-2.jpg,8,8,0.014257721,0.006797011,7.339353e-05,0.00091857789,0.00015835898,0.11690509,0.0099124238,0.0089053744,0.84207207
20171220-083447-3.jpg,8,8,0.034748763,0.022769285,0.0026747955,0.013913058,0.015602268,0.049455442,0.0095417304,0.046695352,0.80459929
20171220-083532-2.jpg,8,8,0.019557366,0.0056588552,0.010486104,0.13420312,0.12243474,0.018395161,0.0049628196,0.019019647,0.66528219
20171220-083653-2.jpg,8,8,0.073875606,0.0043105423,0.00029789636,0.012130034,0.0021399625,0.11425755,0.00051873643,0.099735178,0.69273454
20171220-083717-2.jpg,8,8,0.034672037,0.010590103,0.0022151789,0.057781119,0.017334653,0.063234761,0.0033700254,0.039501455,0.77130067
20171220-083759-2.jpg,8,8,0.15626849,0.058897063,0.0012082026,0.0062557138,0.0020636946,0.055271409,0.0084447991,0.23298649,0.47860411
20171220-083801-3.jpg,8,8,0.031771295,0.024338027,0.00075224246,0.011028624,0.0064193415,0.16347212,0.0034394583,0.023243351,0.73553556
20171220-083810-2.jpg,8,8,0.17254643,0.055159144,0.00047871529,0.01406109,0.0025106689,0.065451346,0.0029521356,0.21102515,0.47581533
20171220-083821-2.jpg,8,8,0.12211911,0.013130741,6.2908766e-05,0.0014757109,0.00030184345,0.079066955,0.0011983551,0.12779747,0.65484685
20171220-083928-2.jpg,8,8,0.010725548,0.014811503,0.01920669,0.031644572,0.0676682,0.030025482,0.015257421,0.0088732066,0.80178738
20171220-084012-3.jpg,8,8,0.025866365,0.02201914,0.0041765478,0.013740591,0.0070177326,0.096358359,0.015471273,0.013358319,0.80199164
20171220-084034-3.jpg,8,8,0.034784667,0.084584869,0.0079511413,0.10496374,0.12953572,0.01902996,0.021012636,0.061203424,0.53693378
20171220-084230-3.jpg,8,8,0.027800566,0.0081059569,0.0049627,0.077303067,0.055823773,0.020879446,0.0021525687,0.012635367,0.79033661
20171220-084259-2.jpg,8,8,0.039945636,0.031754158,0.00021123633,0.0019486253,0.00065480784,0.02593568,0.0092581864,0.015383608,0.87490809
20171220-084403-2.jpg,8,8,0.036069427,0.018469121,5.0801689e-05,0.0014030173,0.00029568659,0.24802385,0.0045016622,0.015500586,0.67568582
20171220-084412-2.jpg,8,8,0.015603757,0.016025119,3.145136e-05,0.0007812343,9.3477196e-05,0.0033912493,0.0011484122,0.0045025363,0.95842278
20171220-084433-2.jpg,8,8,0.02083759,0.012617003,0.0016813591,0.0058740778,0.003239562,0.048054136,0.005003443,0.013569764,0.88912308
20171220-084443-2.jpg,8,8,0.0049569882,0.007104429,0.00062264636,0.0044820062,0.003102659,0.0099329883,0.0024327124,0.0013070533,0.96605855
20171220-084505-2.jpg,8,8,0.013959839,0.0014008895,2.4010502e-05,0.0013026353,0.00024966008,0.0028517367,0.00017896388,0.003135747,0.97689646
20171220-084515-2.jpg,8,8,0.0091610923,0.016887585,0.0014384601,0.018329833,0.0079527888,0.0023122912,0.0034007542,0.0048711929,0.935646
20171220-084545-3.jpg,8,8,0.0076673282,0.0065437378,0.0003289645,0.0012132783,0.00032482762,0.17103784,0.023399102,0.0073111313,0.78217375
20171220-084554-2.jpg,8,8,0.047161646,0.034591056,0.0001801161,0.0034653731,0.00056716515,0.014978082,0.0046803225,0.034530055,0.85984623
20171220-084624-2.jpg,8,8,0.018942045,0.0090318043,6.4935871e-06,0.00078198861,5.3837804e-05,0.0074457801,0.00023995865,0.0048202244,0.95867789
20171220-084647-2.jpg,8,8,0.013326241,0.028194753,6.3141058e-05,0.011353442,0.0014649653,0.0071954667,0.0012936505,0.0066559906,0.93045241
20171220-084727-2.jpg,8,8,0.012420633,0.040463489,0.00016614325,0.0071966355,0.00035303761,0.0024400549,0.0022979244,0.009565888,0.92509621
20171220-084751-3.jpg,8,8,0.013563774,0.005505478,4.924331e-05,0.0035590304,0.00037827858,0.11932774,0.00043934389,0.0036486287,0.8535285
20171220-084816-3.jpg,8,8,0.087268941,0.024260553,0.0012018626,0.032187708,0.0070287157,0.034244232,0.0019074196,0.061334349,0.7505663
20171220-084920-2.jpg,8,8,0.018771831,0.0056809341,6.3292551e-05,0.0055542355,0.00033435333,0.034391992,0.00044888657,0.010556484,0.92419803
20171220-084937-3.jpg,8,7,0.1159848,0.15748426,9.5643903e-05,0.001408514,0.0002268714,0.017602645,0.018751178,0.51062065,0.17782539
20171220-085003-2.jpg,8,8,0.022983672,0.030379366,0.0036230921,0.020646641,0.0042536641,0.041562445,0.011905044,0.012586122,0.85205996
20171220-085013-3.jpg,8,8,0.007048144,0.00098386034,2.9388207e-06,0.00013603992,7.2622552e-06,0.024523672,0.001178844,0.0043728859,0.96174639
20171220-085014-3.jpg,8,8,0.036812227,0.040636562,0.00041814242,0.004679522,0.00143086,0.017387712,0.0069446219,0.050289948,0.84140038
20171220-085015-3.jpg,8,7,0.085209705,0.021395424,0.00039398309,0.0045683598,0.00092525349,0.028556874,0.0082144178,0.47221491,0.37852108
20171220-085110-3.jpg,8,7,0.16520138,0.048886698,0.00062659831,0.011255405,0.0022854842,0.022449132,0.0056412355,0.48817268,0.25548139
20171220-085146-3.jpg,8,8,0.13739121,0.015328838,0.00096960494,0.0092227543,0.0027057896,0.054778595,0.0038596864,0.27662,0.49912345
20171220-085211-2.jpg,8,8,0.025291722,0.013924257,0.0028482357,0.048045561,0.011268005,0.01886281,0.0023956418,0.03041972,0.84694403
20171220-085256-2.jpg,8,8,0.0088766953,0.0023381615,0.00029177655,0.0069081397,0.001271177,0.027264606,0.00072751148,0.0042576678,0.94806427
20171220-085315-3.jpg,8,8,0.0096312845,0.0022487366,6.4901606e-06,0.00055915944,3.5967278e-05,0.0097177802,0.0020465152,0.03096584,0.94478816
20171220-085334-2.jpg,8,8,0.010435235,0.0026736525,4.4096065e-05,0.0046468806,0.00038634919,0.0024261593,0.00022383792,0.0040799431,0.97508383
20171220-090147-2.jpg,8,8,0.061198417,0.02533555,0.0021855058,0.019020148,0.0049330532,0.04862063,0.0041610831,0.041884493,0.79266119
20171220-090154-3.jpg,8,8,0.025382128,0.0034169077,0.00062619598,0.0075466582,0.0023237374,0.073166147,0.0011419564,0.0050082183,0.88138801
20171220-090336-2.jpg,8,8,0.01356131,0.0044501624,0.003477152,0.020442637,0.019861525,0.0094985915,0.00095365418,0.013625428,0.91412961
20171220-090345-2.jpg,8,8,0.050392035,0.014078385,0.010570349,0.024891904,0.03820172,0.028536461,0.0087804152,0.024150949,0.80039775
20171220-090520-2.jpg,8,4,0.025311619,0.021100147,0.016154597,0.21185179,0.3704246,0.011822246,0.0022436799,0.028310312,0.31278104
20171220-090546-3.jpg,8,8,0.0071598678,0.00085128419,0.0023922147,0.007831851,0.0042258841,0.0044401935,0.0013814792,0.0036395534,0.96807766
20171220-090621-2.jpg,8,8,0.0037450951,0.0011795539,0.00018053285,0.0098963287,0.0021167384,0.017629422,0.00049448624,0.0018599172,0.96289796
20171220-090752-2.jpg,8,8,0.0061339862,0.011647411,0.012576583,0.022620466,0.015330826,0.033109825,0.0081261098,0.0053174198,0.88513738
20171220-090832-2.jpg,8,8,0.016790384,0.16832559,0.00072263542,0.0028539721,0.00074232492,0.13460463,0.31360883,0.021903737,0.34044796
20171220-090841-2.jpg,8,5,0.033536773,0.13902482,0.00057593477,0.0054319897,0.00081443018,0.4404425,0.044196837,0.03189712,0.3040795
20171220-090906-2.jpg,8,8,0.02126977,0.060579177,0.00016235985,0.0024574664,0.00048414664,0.4213517,0.051942024,0.013234898,0.42851847
20171220-091052-2.jpg,8,8,0.0050012344,0.002903587,0.00015600384,0.0033253361,0.00069757598,0.10189044,0.0013287012,0.0031550347,0.88154209
20171220-091117-2.jpg,8,8,0.026756713,0.014289021,0.0001910366,0.0047893384,0.00096542126,0.3467977,0.0021052118,0.017280569,0.58682501
20171220-091144-2.jpg,8,8,0.04104143,0.054633938,2.7301961e-05,0.001568339,9.1201851e-05,0.13721266,0.0054094759,0.027667303,0.73234832
20171220-091239-2.jpg,8,8,0.023069227,0.034937706,0.002275852,0.0085932696,0.0034735317,0.10825699,0.030434251,0.037688226,0.75127095
20171220-091406-2.jpg,8,8,0.028248897,0.016071027,0.0011703249,0.016564123,0.0036352351,0.1433823,0.0022241948,0.027673995,0.7610299
20171220-091414-2.jpg,8,8,0.010835016,0.0043585175,0.00026481604,0.0027634734,0.001038675,0.23460779,0.0029015136,0.012930842,0.73029941
20171220-091423-3.jpg,8,8,0.11096422,0.14992268,0.0025175286,0.011545219,0.0057324013,0.14647067,0.018528339,0.16365033,0.39066857
20171220-091521-3.jpg,8,8,0.012091158,0.0075954963,0.0019015552,0.029226521,0.0051748967,0.022536715,0.0031272555,0.021521527,0.89682484
20171220-091647-3.jpg,8,8,0.0019998879,0.00087869412,0.0012549662,0.018351024,0.0096190311,0.0088342307,0.0013932523,0.0014240344,0.95624483
20171220-091652-3.jpg,8,8,0.0094655193,0.0036169291,0.0087813167,0.052950334,0.058537658,0.020609211,0.001641998,0.0064787166,0.83791828
20171220-091740-3.jpg,8,8,0.038614314,0.024465889,0.0039618225,0.037026897,0.015661273,0.059873167,0.00594013,0.026510071,0.78794646
20171220-091804-3.jpg,8,8,0.0089463992,0.026732041,0.0042098206,0.022300035,0.018052842,0.019801375,0.023039633,0.01292415,0.8639937
20171220-091831-3.jpg,8,8,0.027613871,0.015058254,0.0055467905,0.029692089,0.020089423,0.077770859,0.0095782978,0.02212338,0.79252696
20171220-091854-2.jpg,8,8,0.006176129,0.0054767746,0.005714857,0.022815332,0.018983278,0.10791816,0.0074417954,0.0056815161,0.81979209
20171220-091952-2.jpg,8,5,0.022302791,0.0098124566,0.00024810722,0.0022835748,0.00054125511,0.69531459,0.0070088827,0.014904092,0.24758425
20171220-092008-2.jpg,8,8,0.045777287,0.08384151,0.0014523255,0.013416792,0.0069854283,0.25990701,0.013616236,0.041018538,0.53398484
20171220-092016-2.jpg,8,8,0.0097281998,0.0089419326,8.9855705e-05,0.00446499,0.00064412114,0.040853463,0.0011213208,0.0058388035,0.92831737
20171220-092024-2.jpg,8,8,0.021349154,0.077699333,0.011137682,0.040862832,0.029137189,0.056660928,0.10097028,0.028330801,0.63385183
20171220-092033-2.jpg,8,8,0.0090526352,0.0042225663,0.00020419783,0.013161574,0.0018380253,0.031475574,0.00098745083,0.0058191358,0.93323886
20171220-092044-2.jpg,8,8,0.010062733,0.0089981901,0.00044433743,0.0057252455,0.0019523057,0.035430714,0.0020345314,0.0090788882,0.92627311
20171220-092109-2.jpg,8,8,0.028502667,0.012227047,0.00028133151,0.0058515896,0.0013414704,0.20178311,0.0020971012,0.01699541,0.73092026
20171220-092129-3.jpg,8,8,0.0078542568,0.0017114722,0.00022350263,0.0039759558,0.001416391,0.12851788,0.00073423324,0.0022647034,0.85330158
20171220-092130-2.jpg,8,8,0.0047026682,0.0030682213,0.00063484715,0.0064045084,0.0013878151,0.18144114,0.0029977837,0.0040671374,0.79529589
20171220-092221-2.jpg,8,8,0.016468642,0.0089199822,0.0002232946,0.0020363447,0.00033869786,0.087149806,0.018345118,0.011859297,0.85465884
20171220-092318-3.jpg,8,8,0.021632705,0.0070465584,0.001959203,0.015484964,0.0085589075,0.31745929,0.0030572726,0.013316564,0.61148453
20171220-092341-2.jpg,8,8,0.033283345,0.067886256,0.00024976116,0.0047929613,0.00059286633,0.18022546,0.0061444235,0.025871728,0.6809532
20171220-092404-3.jpg,8,8,0.046620697,0.022404263,0.014972382,0.048019875,0.043753926,0.14947417,0.0075575639,0.031464592,0.63573253
20171220-092604-3.jpg,8,8,0.011315923,0.0070430133,0.0038323707,0.039117247,0.028307274,0.075846247,0.0033199787,0.0041557481,0.82706219
20171220-092615-3.jpg,8,8,0.0026906526,0.0012821894,0.00084113301,0.018094614,0.0091324029,0.01909739,0.0010865417,0.001268374,0.94650674
20171220-092711-2.jpg,8,8,0.010483131,0.0086536035,0.00042754796,0.0083510121,0.0014964211,0.061766535,0.0016926386,0.0065833083,0.90054584
20171220-092732-2.jpg,8,5,0.030987289,0.012077892,0.00061469706,0.0040515428,0.0014088707,0.48288748,0.0041547962,0.017329449,0.44648802
20171220-092914-2.jpg,8,8,0.0065173567,0.0022975174,0.00028215576,0.0044103772,0.0021049976,0.073146492,0.0031181728,0.0058315387,0.90229136
20171220-092922-2.jpg,8,8,0.0023372436,0.0029019446,0.00010203414,0.0026105586,0.00030658516,0.095043294,0.007925434,0.0023000408,0.88647288
20171220-092945-2.jpg,8,8,0.0075930883,0.0017031654,0.0012137322,0.0057944381,0.004703348,0.01435926,0.0061110691,0.0054436,0.95307827
20171220-092949-3.jpg,8,8,0.0062063015,0.0049573383,0.0013754547,0.013439815,0.012305281,0.033001892,0.0038978949,0.0047894199,0.92002654
20171220-092954-2.jpg,8,8,0.0011063907,0.00029934762,7.4057498e-05,0.0006865125,0.00022671581,0.028522952,0.00023436737,0.00035843829,0.9684912
20171220-093113-2.jpg,8,8,0.0078057521,0.0024407692,0.002600814,0.012321639,0.0050072405,0.028056517,0.0093579413,0.0030133512,0.92939597
20171220-093122-3.jpg,8,8,0.0059458707,0.01873667,0.00064950297,0.011702332,0.0025031066,0.14192759,0.0034295821,0.0040201782,0.81108516
20171220-093221-3.jpg,8,8,0.0026662217,0.0010040666,0.00015559694,0.0035936171,0.00098939042,0.05752949,0.0010826173,0.0010700842,0.93190891
20171220-093257-3.jpg,8,8,0.0015415882,0.0018065982,9.8820368e-05,0.0059888498,0.0015417384,0.0064038923,0.00046568876,0.00086851488,0.98128432
20171220-093311-2.jpg,8,8,0.00833862,0.0024687473,0.00061548519,0.0038439825,0.0029368014,0.07030353,0.0045004617,0.0055491729,0.90144324
20171220-093326-3.jpg,8,8,0.016536726,0.0081056124,0.0054924614,0.041606724,0.049188256,0.024410855,0.031764418,0.028603829,0.79429108
20171220-093337-3.jpg,8,8,0.01208877,0.016397949,0.0045049693,0.024480194,0.033495616,0.015851138,0.022105502,0.015473263,0.85560262
20171220-093439-2.jpg,8,8,0.0034498868,0.001927547,0.0015758954,0.0082211345,0.0020752223,0.053206339,0.0017747704,0.002201518,0.92556769
20171220-093457-3.jpg,8,8,0.0050093229,0.0040196246,0.01320974,0.023630891,0.02104478,0.020005243,0.013183197,0.0034530836,0.89644414
20171220-093525-2.jpg,8,8,0.0023060706,0.0030869837,2.929073e-05,0.0010437738,0.00015844207,0.026368218,0.0017299358,0.00095945905,0.9643178
20171220-093606-2.jpg,8,8,0.001185677,0.00032070221,4.364398e-05,0.00071562646,8.0425823e-05,0.081287175,0.00029831193,0.00019460592,0.91587389
20171220-094547-2.jpg,8,8,0.028658751,0.065673113,0.00042841453,0.0082211355,0.0020430009,0.030518642,0.0019294769,0.013968843,0.84855866
20171220-094608-1.jpg,8,8,0.050882548,0.0056266203,0.00026024136,0.0031506734,0.00087209931,0.26401004,0.0026401293,0.025928428,0.64662921
20171220-094611-2.jpg,8,8,0.13458203,0.037615117,0.0013917543,0.004764861,0.0027785795,0.19629477,0.027377695,0.040510491,0.5546847
20171220-094750-1.jpg,8,8,0.038266767,0.024546158,0.00012731786,0.0056438423,0.00057230867,0.049777344,0.0061541954,0.015436105,0.85947603
20171220-094800-1.jpg,8,8,0.010864611,0.031672928,7.3402654e-05,0.0011244185,0.00023174606,0.11936046,0.010900525,0.010026026,0.81574583
20171220-094848-2.jpg,8,8,0.031364083,0.17688718,0.00010328066,0.0035398854,0.00046137953,0.08688838,0.044142917,0.032121286,0.62449157
20171220-094856-2.jpg,8,8,0.061275247,0.13234359,0.0005103607,0.0050120689,0.0022310333,0.063003413,0.17156404,0.058345575,0.50571465
20171220-094926-2.jpg,8,8,0.033236165,0.088912919,0.0062406389,0.016346155,0.0050730198,0.072686963,0.14780085,0.04908837,0.58061492
20171220-094939-2.jpg,8,8,0.0052451938,0.0079395324,0.097927138,0.059940223,0.086178869,0.029672984,0.058243316,0.0080416827,0.64681107
20171220-095054-1.jpg,8,8,0.031801596,0.052889671,9.9956724e-06,0.00093517895,6.314749e-05,0.28170586,0.014690525,0.034279872,0.58362418
20171220-095127-2.jpg,8,8,0.015886083,0.054512262,0.00062729866,0.0032185731,0.00047008807,0.11477973,0.14347278,0.021605643,0.64542753
20171220-095147-2.jpg,8,8,0.098188147,0.014020183,0.00084401434,0.0026918545,0.00071295933,0.06001699,0.007949465,0.10307509,0.71250129
20171220-095206-2.jpg,8,8,0.010903819,0.013342749,7.2903116e-05,0.0025165968,0.00031019581,0.055746511,0.0048793275,0.006343266,0.90588468
20171220-095214-2.jpg,8,8,0.01196372,0.034940049,0.0023983927,0.003034136,0.0015324028,0.046948381,0.073949419,0.015140335,0.81009316
20171220-095227-1.jpg,8,0,0.4259069,0.1120641,0.00010837665,0.0012945561,0.00032351655,0.10405399,0.023365665,0.1024963,0.23038657
20171220-095305-2.jpg,8,8,0.018915636,0.0074090953,0.00012522889,0.0062570516,0.0012008033,0.046639219,0.0052950261,0.018487168,0.89567077
20171220-095316-1.jpg,8,8,0.014325629,0.0054653962,2.2382834e-05,0.0015604413,0.00013209078,0.115453,0.00065306766,0.0094538378,0.85293424
20171220-095341-2.jpg,8,8,0.0081463819,0.026477542,0.0007156374,0.010082222,0.0024993881,0.24418472,0.01044803,0.010454094,0.68699199
20171220-095402-2.jpg,8,8,0.050891977,0.13375963,0.0010683191,0.0026978848,0.0019525341,0.08758419,0.1844199,0.021493902,0.51613164
20171220-095405-1.jpg,8,8,0.0036427316,0.0091422247,5.7202524e-06,0.00010479092,9.6872282e-06,0.019402955,0.0032025755,0.00061405828,0.96387523
20171220-095408-2.jpg,8,8,0.084996745,0.12424637,0.00068600685,0.0037468264,0.0010784265,0.13262467,0.14597371,0.028839571,0.47780764
20171220-095456-2.jpg,8,8,0.01053521,0.013177266,0.0019521568,0.021238264,0.011658723,0.10677708,0.0047445488,0.01003522,0.8198815
20171220-095558-2.jpg,8,5,0.010615841,0.0074650673,1.8953289e-05,0.00017975729,2.8269098e-05,0.60030669,0.017876398,0.0025560302,0.36095303
20171220-100117-2.jpg,8,8,0.032276448,0.033085775,0.023718826,0.0099979006,0.0087743811,0.061717883,0.038055804,0.047781158,0.74459183
20171220-100147-2.jpg,8,8,0.037410136,0.11872704,0.014454466,0.028959176,0.014849689,0.10456932,0.1484642,0.054757863,0.47780809
20171220-100239-2.jpg,8,8,0.0052559506,0.0067944136,3.4294633e-05,0.002566997,0.00017918434,0.029288521,0.0022425563,0.004540347,0.94909775
20171220-100252-2.jpg,8,8,0.017382663,0.074887447,0.00036556731,0.0031982469,0.00044933092,0.24557482,0.02703437,0.009406317,0.6217013
20171220-100258-1.jpg,8,8,0.033349767,0.0068300511,0.00012734272,0.0010195392,0.00021589441,0.026804294,0.0019399503,0.016004806,0.91370833
20171220-100351-2.jpg,8,8,0.025880573,0.13915718,0.00024026775,0.0073845028,0.0008669658,0.14132351,0.018729167,0.033191595,0.63322628
20171220-100359-2.jpg,8,8,0.064523362,0.11753926,0.00012643772,0.0019463258,0.00026980301,0.24564424,0.068761572,0.10799406,0.39319485
20171220-100405-1.jpg,8,8,0.012497471,0.029969584,0.00011574705,0.0041433489,0.0012099657,0.12688287,0.0037546265,0.0064705969,0.81495577
20171220-100435-2.jpg,8,5,0.03476987,0.036126196,6.0127091e-05,0.000688917,0.00012107368,0.60249937,0.025951218,0.01342208,0.2863611
20171220-100443-2.jpg,8,8,0.054896753,0.059357766,0.00051319826,0.0078430045,0.00278538,0.014927239,0.0097394781,0.029697685,0.82023948
20171220-100527-1.jpg,8,8,0.0079848906,0.0037636925,5.5887386e-07,0.00027576808,5.0259764e-06,0.1844586,0.00016311713,0.005988508,0.79735982
20171220-100700-2.jpg,8,8,0.093687877,0.19877852,0.00018547662,0.00070967479,7.9319907e-05,0.18817939,0.065542668,0.021719456,0.43111762
20171220-100853-1.jpg,8,8,0.012010748,0.007824895,0.00045212946,0.0083023831,0.0017212142,0.14837408,0.0035581582,0.0063327276,0.81142366
20171220-100855-2.jpg,8,1,0.037109558,0.37547836,0.00070706627,0.0027015535,0.00059959135,0.059827704,0.13127929,0.022723908,0.36957303
20171220-100924-2.jpg,8,8,0.0085854083,0.040226862,9.3088938e-06,0.00020034888,1.6413533e-05,0.086144231,0.011457876,0.0014161838,0.85194331
20171220-101301-2.jpg,8,8,0.0097602271,0.020738447,8.5101565e-05,0.0020918853,0.00036725972,0.22007269,0.0047259401,0.0080100372,0.73414838
20171220-101311-2.jpg,8,1,0.082151182,0.4467628,0.00063934171,0.0013317174,0.00065949222,0.014121545,0.31094506,0.042931166,0.1004577
20171220-101346-1.jpg,8,8,0.0078945793,0.0066135535,3.7203008e-05,0.0016609583,0.00025773715,0.078954346,0.0030777706,0.0065698093,0.89493406
20171220-101529-1.jpg,8,8,0.014531503,0.017295187,6.9845431e-05,0.0018323446,0.0004141492,0.021286905,0.0019084285,0.0061768107,0.93648487
20171220-101540-2.jpg,8,8,0.017021796,0.019310942,0.00023118795,0.0068722409,0.0016580353,0.035976302,0.0010421446,0.010822414,0.90706491
20171220-101546-1.jpg,8,8,0.044671901,0.18259667,0.00011628522,0.0036789023,0.0007207403,0.32151929,0.012815423,0.020865649,0.41301519
20171220-101617-1.jpg,8,8,0.085402906,0.10649572,3.1676147e-05,0.0037241313,0.0002569278,0.17073956,0.0025767011,0.089157216,0.54161513
20171220-101629-1.jpg,8,8,0.0070371651,0.010495274,2.6625616e-05,0.0010868417,0.00014564463,0.059923057,0.0019150847,0.0036199717,0.91575032
20171220-101647-2.jpg,8,8,0.0071964632,0.0031279782,4.7890567e-06,0.0001258634,1.0212319e-05,0.010192082,0.0018926696,0.0015005792,0.97594941
20171220-101652-1.jpg,8,8,0.020538988,0.0048376545,6.6226326e-05,0.0028853475,0.00036165712,0.17884172,0.00069852622,0.0089045605,0.78286535
20171220-101709-1.jpg,8,8,0.020322867,0.011147409,4.0292248e-06,0.0003792861,3.4923865e-05,0.18674266,0.0011832842,0.012095862,0.76808965
20171220-101710-1.jpg,8,8,0.13984455,0.011035179,0.00017150791,0.0038194633,0.00091832055,0.25012359,0.0011949241,0.068721667,0.52417076
20171220-101919-2.jpg,8,8,0.013052544,0.013383802,3.389313e-06,0.00017227305,1.6437147e-05,0.21829151,0.010515456,0.0014109324,0.74315369
20180105-091456-3.jpg,8,8,0.0027368804,0.0043971646,0.029479066,0.0021351294,0.0016693271,0.0089235865,0.025337452,0.0019129234,0.92340845
20180105-091502-2.jpg,8,8,0.0083241984,0.0058690449,0.13024238,0.0081690233,0.01325775,0.045497309,0.0561249,0.0041327593,0.72838265
20180105-091508-3.jpg,8,8,0.011073419,0.0026518153,0.0065116645,0.0042825383,0.0016344935,0.027176946,0.012744079,0.0061790878,0.92774594
20180105-091514-2.jpg,8,8,0.0020384016,0.0013150616,0.19761766,0.0065976768,0.01555385,0.0057449695,0.069612823,0.0013658968,0.70015365
20180105-091522-3.jpg,8,8,0.004125501,0.0072089825,0.058718111,0.023185529,0.014253523,0.02692019,0.043648362,0.0035813248,0.81835848
20180105-091545-2.jpg,8,8,0.016536029,0.0093246978,0.013753367,0.012153009,0.0079274969,0.0043375678,0.10671633,0.010960377,0.81829119
20180105-091636-2.jpg,8,8,0.00012134325,0.00038492586,0.0017747377,0.0011327702,0.00098941661,0.0017494697,0.019330518,6.0487473e-05,0.97445631
20180105-091800-3.jpg,8,8,0.0011371243,0.00022611718,0.0032855663,0.0024344076,0.0021780566,0.0017497422,0.0050337096,0.00042197327,0.98353332
20180105-091820-3.jpg,8,8,0.0050735893,0.0024998102,0.0007989431,0.0035274511,0.0013891126,0.055544849,0.017788934,0.0013640483,0.91201329
20180105-091855-2.jpg,8,8,0.00096961117,0.00095810241,0.00051741628,0.00041321514,0.00010335386,0.22554538,0.01861399,0.00027411897,0.75260478
20180105-092116-3.jpg,8,8,0.00052938465,0.0001069236,7.240141e-05,0.00016491636,4.5604855e-05,0.0018844649,0.0024159285,9.3010298e-05,0.99468732
20180105-092119-3.jpg,8,8,0.003225062,0.00060587894,0.015051456,0.0074222665,0.011217878,0.0017074216,0.0089177899,0.0012910413,0.95056123
20180105-092143-2.jpg,8,8,0.0010832022,0.000986445,0.00068768708,0.00094954914,0.00019871438,0.062950663,0.0099846907,0.00028782012,0.92287123
20180105-092218-2.jpg,8,8,0.0025956726,0.0015271154,0.0019439765,0.0045675957,0.00087346218,0.033953115,0.013111815,0.00068972312,0.94073749
20180105-092347-3.jpg,8,8,0.00053571357,7.2559531e-05,0.0010240144,0.00028804486,0.00020764017,0.0028445455,0.0051498809,7.9126112e-05,0.98979843
20180105-092421-3.jpg,8,8,0.001994,0.00039053062,0.026341164,0.002337703,0.003908352,0.003422945,0.0047573936,0.00081257534,0.95603538
20180105-092426-2.jpg,8,8,0.0053510396,0.0037615707,0.19647059,0.0072842934,0.016953971,0.041923195,0.10402616,0.0026612929,0.6215679
20180105-092442-2.jpg,8,8,0.00970989,0.0046689971,0.014391856,0.0063534519,0.0051990049,0.0066605713,0.017661251,0.005318833,0.93003613
20180105-092538-2.jpg,8,8,0.0017578416,0.0018291121,0.0074440404,0.0013187623,0.0035036223,0.0065260567,0.013653063,0.00086576823,0.96310169
20180105-092555-2.jpg,8,8,0.0070331106,0.0025037015,0.0028334286,0.00095075381,0.00053597032,0.019834947,0.022212004,0.0018886407,0.9422074
20180105-092623-3.jpg,8,8,0.0025378065,0.0017777237,0.065264799,0.0018813502,0.00051441783,0.01358731,0.02749463,0.00062279828,0.8863191
20180105-092637-2.jpg,8,8,0.0022303385,0.0034602652,0.02809047,0.0077444389,0.0065920791,0.0029646116,0.017480038,0.0023062758,0.92913151
20180105-092651-2.jpg,8,8,0.00090890902,0.00034084474,0.016536716,0.0033708671,0.0048146122,0.002268438,0.0055825445,0.00056985463,0.96560717
20180105-092702-3.jpg,8,8,0.001541496,0.00061124394,0.0032403301,0.00091542734,0.00026172001,0.0082774321,0.0033105926,0.00026525246,0.9815765
20180105-092734-3.jpg,8,8,0.0015393175,0.0013081706,0.012950243,0.002338009,0.00076620386,0.01945222,0.017357998,0.00046973579,0.94381809
20180105-092741-2.jpg,8,8,0.0063374257,0.030322669,0.035790488,0.01785283,0.011276522,0.010137826,0.064419731,0.007631815,0.81623071
20180105-092757-2.jpg,8,8,0.00072365679,0.00037671323,0.0027248019,0.00036730611,0.00015476567,0.0023071973,0.0061410037,0.00020066516,0.98700386
20180105-092757-3.jpg,8,8,0.0021791474,0.0011312598,0.00014376786,0.00039950336,0.00014577336,0.011423324,0.01227176,0.00030601904,0.97199947
20180105-093058-2.jpg,8,8,0.0041760271,0.0030080115,0.0079134433,0.0020721529,0.0014160513,0.0030685621,0.024285655,0.0025381746,0.95152193
20180105-093156-2.jpg,8,8,0.01541761,0.0060130912,0.007021972,0.011636634,0.023961553,0.0085881623,0.02116468,0.0072217961,0.89897448
20180105-093252-2.jpg,8,8,0.008895929,0.025190137,0.043285176,0.0059607388,0.0081805671,0.0043938491,0.35839903,0.011560205,0.53413439
20180105-093325-2.jpg,8,8,0.010910315,0.0026773275,0.075408392,0.047091395,0.12278238,0.0034981698,0.01355547,0.0074843755,0.71659219
20180105-093450-2.jpg,8,8,0.0022111789,0.00096422806,0.23066279,0.0081268894,0.010695088,0.0062741698,0.018016009,0.0015138468,0.72153574
20180105-093523-2.jpg,8,8,0.0018037081,0.0022479924,0.089236401,0.0055583878,0.0056596501,0.0070471163,0.05818126,0.0017505029,0.82851499
20180105-093523-3.jpg,8,8,0.0025150408,0.0027308282,0.023444541,0.0086665954,0.012722291,0.0083910525,0.016767019,0.0017300094,0.92303258
20180105-093533-3.jpg,8,8,0.00070454227,0.00055572059,0.04851298,0.0020732111,0.0026783608,0.0069344072,0.037362326,0.00042496045,0.90075344
20180105-093545-2.jpg,8,8,0.0025239184,0.0035174361,0.035674158,0.0068678306,0.0063161389,0.0081812441,0.0438747,0.0022819997,0.89076257
20180105-093625-3.jpg,8,8,0.0078904023,0.005203024,0.43081826,0.018169234,0.030012153,0.014013862,0.039497752,0.0078183627,0.44657692
20180105-093716-2.jpg,8,8,0.00035719437,2.7314492e-05,0.00047125435,0.00025585905,0.00013171489,0.00045854834,0.00064910878,8.5807711e-05,0.99756324
20180105-093725-3.jpg,8,8,0.0033982466,0.001276313,0.0099550616,0.0028092717,0.0027052802,0.0030947351,0.012879141,0.0013827911,0.9624992
20180105-093740-2.jpg,8,8,0.0017106736,0.0012316813,0.0055116462,0.0017326733,0.002108858,0.0041625937,0.031774126,0.00097377773,0.95079398
20180105-093747-2.jpg,8,2,0.0069469782,0.004559834,0.64575911,0.012605343,0.065811493,0.0093954606,0.052838732,0.0084988205,0.19358428
20180105-093803-2.jpg,8,8,0.0016563525,0.00083687913,0.016565317,0.010598114,0.012220723,0.0024778605,0.03926139,0.0015159026,0.91486746
20180105-093818-3.jpg,8,8,0.0035726056,0.0031793402,0.012853139,0.0098877931,0.0068800626,0.0070172516,0.034712385,0.0020261877,0.91987127
20180105-093850-3.jpg,8,8,0.0052639875,0.011664554,0.1040744,0.020718383,0.029790882,0.018744087,0.048038546,0.0043693422,0.75733578
20180105-094049-3.jpg,8,8,0.0041865371,0.0027950159,0.42048886,0.023779817,0.070825078,0.0063014682,0.029881038,0.0043277051,0.43741447
20180105-094101-3.jpg,8,8,0.00077882083,0.00042212594,0.0082709603,0.00074197305,0.00078334159,0.002935743,0.0083142621,0.00037576471,0.977377
20180105-094300-3.jpg,8,8,0.0035279691,0.0046793395,0.38890842,0.017514022,0.033992376,0.0050701043,0.06344521,0.0056384504,0.47722411
20180105-094814-2.jpg,8,8,0.00093203399,0.0018953686,0.080098405,0.0036741137,0.01369998,0.0040790034,0.078926653,0.00076027028,0.81593418
20180105-094905-3.jpg,8,8,0.00014860183,0.00020223248,0.001580101,0.00044996128,0.00028077039,0.00020457689,0.0048942342,0.00014334987,0.99209619
20180105-094918-2.jpg,8,8,0.0021577484,0.0011677064,0.35178214,0.015347497,0.058082353,0.0031978993,0.032242049,0.0023570375,0.53366554
20180105-094925-2.jpg,8,8,0.0014724507,0.0027686353,0.015821462,0.0050200676,0.0059159254,0.0049556564,0.066586517,0.0012743155,0.89618492
20180105-094941-2.jpg,8,8,0.0031822,0.0042449203,0.018029412,0.02265019,0.019318195,0.0024615698,0.014580335,0.0041087754,0.9114244
20180105-094942-3.jpg,8,8,0.0054811575,0.0012709543,0.27897918,0.015449363,0.061082873,0.004703877,0.027464107,0.0029946414,0.60257387
20180105-094951-2.jpg,8,8,0.0028979117,0.0034776099,0.012694368,0.017003808,0.017286049,0.013459176,0.043309465,0.0021061653,0.88776541
20180105-095047-3.jpg,8,8,0.00046308956,0.000163923,0.00012903672,0.00048539074,0.00019397175,0.001838909,0.0023408365,0.00018138495,0.99420351
20180105-095059-2.jpg,8,8,0.00077343802,0.0018952576,0.00019237942,0.00035230073,0.00024138253,0.010658701,0.051746182,0.00023190652,0.93390852
20180105-095157-2.jpg,8,8,0.0012236979,0.0015253326,0.045175795,0.0086587761,0.010558381,0.010400361,0.021466816,0.0010183781,0.89997244
20180105-095205-2.jpg,8,8,0.0015673406,0.0010937586,0.0021428156,0.0035795716,0.002340463,0.0029018887,0.026742542,0.0013513316,0.95828027
20180105-095219-2.jpg,8,8,0.0018382031,0.0017135505,0.17233853,0.013686387,0.022069251,0.0023840736,0.032495882,0.0013552856,0.75211877
20180105-095349-2.jpg,8,8,0.0034490498,0.0030664841,0.069418445,0.006691427,0.0089198388,0.006436463,0.03743678,0.0025717469,0.8620097
20180105-095443-2.jpg,8,8,0.0016530326,0.0034520829,0.23653068,0.0071644816,0.01606933,0.0032560062,0.053431433,0.0020652169,0.67637771
20180105-095527-2.jpg,8,8,0.00067670981,0.00081641035,0.01685261,0.002126443,0.004245929,0.0052943211,0.067252211,0.00036948617,0.90236586
20180105-095544-2.jpg,8,8,0.0005328327,0.00049198972,0.016899621,0.0012015285,0.00079745869,0.0016481784,0.01647055,0.00022196703,0.96173584
20180105-095558-2.jpg,8,8,0.0024490932,0.00051652826,0.01572687,0.0026017281,0.0043903706,0.0017854228,0.0042280811,0.00081478542,0.96748716
20180105-095605-2.jpg,8,8,0.00065689109,0.00018315694,0.017510174,0.00042428545,0.00054625468,0.0028320744,0.010780537,0.00027594593,0.96679068
20180105-095611-3.jpg,8,8,0.00016463804,0.00014723981,0.00078713399,0.00031765789,0.00013151149,0.00033565357,0.0040625921,8.8973575e-05,0.99396461
20180105-095628-2.jpg,8,8,0.0032770194,0.0031858487,0.020693369,0.0047823363,0.011773997,0.0028591377,0.025601516,0.0028207563,0.92500603
20180105-095658-2.jpg,8,8,0.010514895,0.011479254,0.1288776,0.0078366483,0.014043029,0.0065990188,0.07819137,0.0072428226,0.73521537
20180105-095757-2.jpg,8,8,0.0024925934,0.0014978703,0.19740289,0.0079672588,0.014102316,0.01094145,0.034124061,0.00098130119,0.73049021
20180105-095816-3.jpg,8,8,0.0010340807,0.00059034443,0.044624414,0.006043348,0.0074081239,0.002825846,0.011065481,0.00069350685,0.92571491
20180105-095846-2.jpg,8,8,0.0067585213,0.0012201933,0.0025953772,0.0042025186,0.0046365592,0.003605858,0.0064208489,0.0016471354,0.96891296
20180105-095915-2.jpg,8,8,0.0025515286,0.0031410183,0.0075066276,0.0020999066,0.0021678503,0.0056836582,0.055325437,0.00163181,0.91989219
20180105-095943-2.jpg,8,8,0.00037071932,7.2276525e-05,0.0025469975,0.00062127021,0.00074227451,0.00069764897,0.0037005565,0.00016409378,0.99108422
20180105-100017-3.jpg,8,8,0.0018081141,0.0007154129,0.0025181095,0.0026654759,0.0014953818,0.0052934177,0.0060303933,0.00082937605,0.97864425
20180105-100047-2.jpg,8,8,0.011595988,0.0056522358,0.03490594,0.0074835019,0.014832873,0.021855099,0.028613584,0.004681285,0.87037951
20180105-100100-2.jpg,8,8,0.004553508,0.0011237134,0.0012114402,0.00091524172,0.00082375371,0.002389726,0.0047399253,0.0013937303,0.98284894
20180105-100109-2.jpg,8,8,0.0053305305,0.00401393,0.0073323539,0.0019513868,0.0065029697,0.0064830398,0.014875122,0.0027249828,0.9507857
20180105-100155-2.jpg,8,8,0.0034003893,0.0048724003,0.0057789804,0.0051544858,0.0051136222,0.0093268054,0.054215826,0.0026970496,0.90944046
20180105-100214-2.jpg,8,8,0.047045629,0.032767437,0.015395891,0.022663442,0.012042503,0.01531525,0.14430106,0.024181314,0.68628746
20180105-100246-2.jpg,8,8,0.0081539191,0.0090774363,0.003761865,0.0046487926,0.0024290474,0.0059992154,0.37516573,0.0030854982,0.58767849
20180105-100429-2.jpg,8,8,0.0047228169,0.0043343757,0.00046028334,0.0013506196,0.00026919975,0.00096913485,0.014865574,0.0016194618,0.97140855
20180105-100512-2.jpg,8,8,0.001266944,0.00070854521,1.7659731e-05,0.00011177878,3.0973257e-05,0.0024877128,0.060981084,0.00027477278,0.93412054
20180105-100538-2.jpg,8,8,0.0011217869,0.00050384796,0.0020985799,0.00062532659,0.0006440474,0.002705045,0.0075773965,0.00029051673,0.98443353
20180105-100658-3.jpg,8,8,0.00081331655,0.00056890951,0.053847738,0.0039428207,0.009630858,0.0037939292,0.045831289,0.00046672823,0.88110447
20180105-100749-3.jpg,8,8,0.0039282334,0.01721883,0.029916605,0.016382663,0.011774168,0.011985274,0.062317315,0.0059845992,0.84049231
20180105-100754-2.jpg,8,8,0.0031858224,0.0093871802,0.30265248,0.028382173,0.047492791,0.0055924836,0.068240911,0.0072889118,0.52777725
20180105-100858-3.jpg,8,8,0.0023891875,0.0026133403,0.003318134,0.0024687005,0.0014646834,0.0033250586,0.021506287,0.0011530878,0.96176153
20180105-100906-2.jpg,8,8,0.0072835037,0.0035975038,0.012686042,0.0049315938,0.010734797,0.0091628749,0.017332833,0.0031644751,0.93110633
20180105-101032-3.jpg,8,8,0.0004688093,2.856946e-05,0.0007531147,0.00065136352,0.00041028805,0.00045653718,0.00096034352,0.00012620028,0.99614477
20180105-101202-2.jpg,8,8,0.0039842073,0.002536739,0.010038335,0.016582005,0.041405465,0.010441794,0.017531393,0.0030302783,0.89444977
20180105-101224-2.jpg,8,8,0.0049584308,0.0048130215,0.0046544685,0.0042320066,0.0038632227,0.013457919,0.065322861,0.0018332691,0.89686483
20180105-101232-2.jpg,8,8,0.0063524535,0.014057951,0.16367209,0.023642192,0.043737121,0.019964926,0.1164017,0.0061757485,0.60599583
20180105-101248-2.jpg,8,8,0.0033044887,0.0073103877,0.10477144,0.022886939,0.10293324,0.0074949116,0.063431613,0.0040871999,0.68377978
20180105-101256-2.jpg,8,8,0.0049040182,0.0075466176,0.18564363,0.026737839,0.092168353,0.025152884,0.11663194,0.009589755,0.53162497
20180105-101313-2.jpg,8,2,0.0066197137,0.0050393497,0.49583507,0.012768445,0.053202715,0.0042902902,0.034861777,0.0047763502,0.38260633
20180105-101341-2.jpg,8,8,0.016510747,0.0061684093,0.0163843,0.0094834222,0.011082291,0.017240141,0.052833736,0.012251155,0.85804576
20180105-101350-2.jpg,8,8,0.00051644823,0.00027057421,0.0011048812,0.0015256124,0.0019208749,0.00054176268,0.0024130512,0.00028830263,0.99141848
20180105-101455-2.jpg,8,8,0.002409009,0.004085911,0.0095877377,0.0028404954,0.0049136165,0.015832309,0.074921079,0.0021305308,0.88327932
20180105-101610-2.jpg,8,8,0.0032234844,0.0026965886,0.02553471,0.004093667,0.0066178637,0.0080507379,0.029378548,0.0021690463,0.91823536
20180105-101633-2.jpg,8,8,0.0043740566,0.0022012962,0.034267548,0.0032984035,0.010922275,0.0074792723,0.053688839,0.0020456791,0.88172269
20180105-101700-2.jpg,8,8,0.0026628918,0.00040804784,0.057155214,0.0048090429,0.015970977,0.0061781378,0.010920553,0.0011611987,0.90073395
20180105-101708-2.jpg,8,8,0.0020728922,0.0028194166,0.00041800298,0.00095135625,0.00067104271,0.0051069059,0.068784907,0.00085409824,0.91832143
20180105-101728-2.jpg,8,8,0.0037713181,0.0011721021,0.095203236,0.0046916916,0.019631414,0.0027565558,0.015806498,0.0012676092,0.8556996
20180105-101736-2.jpg,8,8,0.0063830544,0.0054922686,0.010870275,0.0056373919,0.0059848386,0.0026200737,0.22406214,0.003617849,0.73533207
20180105-101744-2.jpg,8,8,0.0061795418,0.00046694159,0.026467152,0.02622937,0.049604751,0.0014323358,0.014016273,0.0018017876,0.87380189
20180105-101758-2.jpg,8,8,0.011821741,0.0050685573,0.027101664,0.01747993,0.03608118,0.017531466,0.054811325,0.0064767832,0.82362729
20180105-101817-2.jpg,8,8,0.077421904,0.13353036,0.019003395,0.085982129,0.042369619,0.014790762,0.25616655,0.094642028,0.27609324
20180105-101832-2.jpg,8,8,0.016000131,0.0011126811,0.011256044,0.0049992758,0.011783347,0.0050969231,0.021902451,0.0054008658,0.92244828
20180105-101904-2.jpg,8,8,0.021068158,0.010503888,0.0062624281,0.0044572968,0.0019551984,0.094447024,0.29643011,0.0065233,0.55835259
20180105-101955-2.jpg,8,8,0.0017189827,0.00088914816,0.004377021,0.0038676078,0.0047986242,0.0011558278,0.0069670915,0.0008345106,0.97539121
20180105-102024-2.jpg,8,8,0.0041221753,0.003367217,0.013979586,0.0061847013,0.0087234164,0.013125368,0.023884205,0.0026481438,0.92396522
20180105-102115-2.jpg,8,8,0.00095033285,0.00064266165,0.0031083506,0.0044421363,0.0031849865,0.00044750405,0.0019276374,0.00046051326,0.9848358
20180105-102302-1.jpg,8,8,0.0033932442,0.0011805331,0.0041628084,0.0045335754,0.0046958765,0.0046932907,0.0060333242,0.0016723021,0.96963507
20180105-102319-1.jpg,8,8,0.0053806631,0.0076425727,0.077382304,0.031675708,0.078586116,0.005316427,0.031500444,0.0059963125,0.7565195
20180105-102339-1.jpg,8,8,0.00028687378,5.1988965e-05,0.0016775037,0.0012315416,0.0011189518,0.00082949613,0.0018754802,6.835672e-05,0.99285978
20180105-103706-2.jpg,8,6,0.0095439665,0.031650051,0.0030306014,0.0021169025,0.0022510174,0.0063473564,0.80537671,0.0078590726,0.13182433
20180105-104428-1.jpg,8,2,0.0026317067,0.0014546168,0.57103616,0.0078226244,0.013015917,0.0069079692,0.029199334,0.0017706736,0.36616099
20180109-065853-2.jpg,8,8,0.0094930874,0.012072037,0.011140473,0.004713913,0.0071806642,0.03437962,0.033921115,0.0062528099,0.88084626
20180109-070000-1.jpg,8,8,0.0065339948,0.0051465873,9.7212891e-05,0.00040568231,0.00014814222,0.028116565,0.038967278,0.0010344065,0.91955012
20180109-070000-2.jpg,8,8,0.0012045109,0.0012174622,0.024957279,0.00076568959,0.00021856165,0.047987554,0.024780868,0.00029178552,0.89857632
20180109-070059-2.jpg,8,8,0.0035365119,0.0090110218,0.097269714,0.015520589,0.012529216,0.036892422,0.093210079,0.0035903014,0.72844011
20180109-070118-2.jpg,8,8,0.0012742644,0.001462033,0.061766688,0.0027042122,0.0021465546,0.0242576,0.071118295,0.00088091643,0.83438945
20180109-070124-1.jpg,8,6,0.012876201,0.028149161,0.0052210856,0.0036140373,0.0032620351,0.033212926,0.51984596,0.0093105566,0.38450795
20180109-070154-2.jpg,8,8,0.0024884804,0.0059466446,0.07683818,0.0050754445,0.0032878062,0.0080565317,0.038747806,0.0010410704,0.858518
20180109-070211-1.jpg,8,8,0.00074193696,0.00073293451,1.1901036e-05,0.00027983522,6.9998183e-05,0.014011264,0.012732654,0.00020412436,0.97121531
20180109-070732-1.jpg,8,8,0.0033123242,0.00031822993,0.00080356561,0.0013506886,0.00099037273,0.0017255928,0.00096835376,0.0010364873,0.98949438
20180109-070826-2.jpg,8,2,0.0042746142,0.0038513246,0.666803,0.01147182,0.010237679,0.0092273653,0.021672295,0.0032910849,0.26917079
20180109-070837-1.jpg,8,8,0.0028841228,0.0014689988,0.0012891463,0.00078044843,0.00055833906,0.037438385,0.034273382,0.00053287961,0.92077428
20180109-070909-1.jpg,8,8,0.012569269,0.0071931239,0.00079773203,0.0016297168,0.00067280949,0.063427225,0.075804666,0.0039482396,0.8339572
20180109-070954-2.jpg,8,6,0.0050165285,0.0866585,0.0059437514,0.0021147903,0.00098562625,0.12584834,0.63767821,0.0036367122,0.13211757
20180109-071004-2.jpg,8,8,0.0056632292,0.024557017,0.082811043,0.029823704,0.041209068,0.015000784,0.14195605,0.010412201,0.64856684
20180109-071048-2.jpg,8,2,0.0034192845,0.02318589,0.50270247,0.017963288,0.0074493755,0.046474889,0.15211077,0.0031946069,0.24349941
20180109-071157-2.jpg,8,8,0.0033473319,0.0091217011,0.36132944,0.017933914,0.018189291,0.062040139,0.11085466,0.0027711163,0.41441235
20180109-071214-2.jpg,8,8,0.0074581099,0.0024742684,0.020526798,0.0022306768,0.00059034303,0.30800268,0.025032217,0.0014050516,0.63227987
20180109-071220-1.jpg,8,8,0.0064724651,0.0025443656,0.0003003517,0.00068648061,0.0008828417,0.0049992399,0.010869915,0.0018057764,0.97143859
20180109-071333-2.jpg,8,8,0.0024916038,0.0020626723,0.013242618,0.00036666388,0.00013514484,0.006819359,0.0099637592,0.00046654156,0.96445161
20180109-071343-1.jpg,8,8,0.022032101,0.005177109,0.018888704,0.020462422,0.016408203,0.0078050373,0.0065303575,0.018261829,0.88443416
20180109-071437-2.jpg,8,8,0.00036696286,0.00036991539,0.0018184605,0.00060197979,0.00054265617,0.0022963698,0.057552814,0.00014692414,0.93630391
20180109-071546-1.jpg,8,8,0.00262248,0.0016295259,0.001198606,0.001236849,0.0033147451,0.011139132,0.030583015,0.0010152466,0.94726032
20180109-071546-2.jpg,8,8,0.00066496921,0.00027030564,0.0064687552,0.00033967063,0.00019117774,0.020936189,0.016833577,0.00013924761,0.95415604
20180109-071557-1.jpg,8,8,0.0030452989,0.013371748,0.0012507666,0.00054260704,0.00048577861,0.0081715081,0.44798157,0.0014120803,0.52373862
20180109-071627-2.jpg,8,8,0.0028907331,0.00053553411,0.0093711354,0.00065654475,0.00052484695,0.0076822089,0.0173533,0.00070954254,0.96027619
20180109-071643-2.jpg,8,8,0.00078325992,0.00097961666,0.011707196,0.00058525318,0.00060787803,0.016927186,0.078672118,0.00055635493,0.88918114
20180109-071651-2.jpg,8,8,0.0094320867,0.018762477,0.15875113,0.014409109,0.017286191,0.043943141,0.12357454,0.0100309,0.60381043
20180109-071708-1.jpg,8,8,0.0031910841,0.0010297433,0.00037013038,0.00073427544,0.00022400782,0.0020231565,0.010269401,0.0011539103,0.9810043
20180109-071804-1.jpg,8,8,0.0026934387,0.0058980156,0.00027086097,0.0010770832,0.00054897461,0.0032475907,0.021900252,0.0013420172,0.96302176
20180109-071845-1.jpg,8,8,0.024684824,0.02507592,0.00025587267,0.0010367307,0.00020831384,0.0039971811,0.016211057,0.005953636,0.92257649
20180109-071910-1.jpg,8,8,0.027207285,0.12457238,0.00045198825,0.0037611132,0.00092840282,0.0085163154,0.15462339,0.013950863,0.66598821
20180109-071951-2.jpg,8,8,0.0058569247,0.0099877184,0.02772369,0.0013665183,0.00033724593,0.012880751,0.11828625,0.0054103839,0.81815052
20180109-072219-2.jpg,8,8,0.0023876934,0.0025677138,0.030401252,0.002009616,0.0028872199,0.016119378,0.085485667,0.00095505477,0.85718644
20180109-072309-2.jpg,8,8,0.0047643352,0.020325825,0.14064839,0.037117653,0.068677202,0.043549947,0.1867874,0.0093748439,0.48875439
20180109-072327-1.jpg,8,8,0.00060874416,0.00019963272,0.00039682668,0.00030419056,0.0001607086,0.0016307717,0.0065187118,0.00012392417,0.99005646
20180109-072341-1.jpg,8,8,0.00083157275,0.0037631756,0.00012025211,0.00046423238,0.0001658601,0.0019628878,0.078831501,0.00066060619,0.91319996
20180109-072402-1.jpg,8,8,0.0028239284,0.008757784,0.00064745982,0.0020316059,0.00057690818,0.010377397,0.15270156,0.001823232,0.82026011
20180109-072501-2.jpg,8,8,0.0029305869,0.0020980204,0.10684919,0.0092980284,0.032764193,0.0049810591,0.057718057,0.0019820721,0.78137881
20180109-072527-2.jpg,8,4,0.02694083,0.0062092119,0.14553112,0.06683176,0.42997241,0.020957729,0.011842532,0.021686316,0.27002808
20180109-072534-1.jpg,8,8,0.0046022083,0.0020614958,2.687881e-05,0.00037242242,3.2683209e-05,0.0020243297,0.0073082754,0.0010932726,0.98247844
20180109-072554-2.jpg,8,8,0.012418802,0.016948611,0.18997441,0.009994139,0.017262682,0.017921235,0.18271698,0.011671293,0.54109186
20180109-072606-1.jpg,8,8,0.0053576338,0.0047408645,0.00045929724,0.0015311472,0.00038354829,0.077895224,0.032616727,0.0014105533,0.87560505
20180109-072622-1.jpg,8,8,0.0024583747,0.0079515725,0.00010952488,0.0005705934,0.00033184644,0.014084682,0.041647051,0.0012536779,0.93159264
20180109-072632-1.jpg,8,8,0.0013828577,0.0033752068,6.9152447e-05,0.00030478335,0.00015545447,0.0040915748,0.031750608,0.00053728931,0.95833313
20180109-072648-1.jpg,8,8,0.0044689053,0.0023429361,0.0003878065,0.0010047574,0.00073562295,0.0052742334,0.028134638,0.0025027404,0.9551484
20180109-072740-2.jpg,8,8,0.036834244,0.023796951,0.14676622,0.017688466,0.017567204,0.030050121,0.062033951,0.030798843,0.63446403
20180109-072752-2.jpg,8,8,0.025319049,0.1444076,0.02286127,0.030747747,0.03354004,0.031677216,0.23727019,0.038012907,0.43616399
20180109-072803-1.jpg,8,8,0.00030838771,0.00013277827,9.6902777e-06,9.990031e-05,3.2984874e-05,0.00056902022,0.00041829352,8.48122e-05,0.99834418
20180109-072828-2.jpg,8,2,0.0023779974,0.002974394,0.55421364,0.031405747,0.097355515,0.011981333,0.081403486,0.002726455,0.21556145
20180109-072834-1.jpg,8,8,0.0011670971,0.0017681487,0.00092260115,0.00038931167,0.00060332112,0.010479093,0.099308565,0.00028992089,0.88507193
20180109-072920-1.jpg,8,8,0.00033356005,0.00094863202,0.0022752092,0.00047447026,0.00052129227,0.0023191967,0.02729255,0.00018008078,0.96565497
20180109-072959-1.jpg,8,8,0.0011771872,0.0011997465,0.00025566429,0.0011239926,0.00093612593,0.0030397589,0.00824829,0.00055024138,0.98346901
20180109-073016-1.jpg,8,8,0.0031757269,0.0092944745,0.0011967666,0.00087281916,0.0005257767,0.0094744163,0.050382029,0.0014892142,0.92358881
20180109-073024-2.jpg,8,4,0.0093177157,0.0021459635,0.27272487,0.040986236,0.35278195,0.0051570432,0.0076356861,0.010215848,0.29903471
20180109-073129-2.jpg,8,8,0.0091295186,0.034281094,0.11178592,0.0042258794,0.0013615324,0.02529403,0.28310463,0.0044023907,0.52641499
20180109-073133-1.jpg,8,2,0.0051410114,0.0065873847,0.86796361,0.019001935,0.015557063,0.02661114,0.015827624,0.0034061198,0.039904188
20180109-073156-2.jpg,8,8,0.0077070808,0.006960344,0.0016175406,0.000817161,0.00018068121,0.12903672,0.039762978,0.0014425262,0.81247497
20180109-073223-1.jpg,8,8,0.0086860564,0.0097240442,0.00031816133,0.0026690953,0.0013959355,0.0019681896,0.021133563,0.0041496274,0.94995534
20180109-073225-2.jpg,8,6,0.10697572,0.21841596,0.00087933172,0.0034787168,0.001198952,0.097617649,0.3716023,0.037887499,0.16194391
20180109-073235-2.jpg,8,8,0.017245926,0.03373418,0.014598652,0.0031816165,0.0035752812,0.012894833,0.33272272,0.013572347,0.56847447
20180109-073313-2.jpg,8,1,0.098596975,0.38030052,0.00072261639,0.00096003927,0.00023265944,0.15103036,0.18330672,0.035050411,0.14979969
20180109-073400-2.jpg,8,8,0.046563633,0.094448417,0.0029807892,0.0040082894,0.0022295993,0.10872949,0.097133517,0.018525068,0.62538117
20180109-073835-2.jpg,8,1,0.10339313,0.43364704,0.000434983,0.0014290209,0.00036866637,0.044173554,0.32630333,0.032316342,0.057934035
20180109-073844-2.jpg,8,6,0.043325778,0.16017389,0.0020743315,0.0049306033,0.0023398797,0.047893524,0.62193084,0.023702087,0.093629003
20180109-073916-2.jpg,8,7,0.31963384,0.11837413,0.00054203265,0.0019851497,0.0010629438,0.041201539,0.023214897,0.40155467,0.092430823
20180109-074022-1.jpg,8,8,0.0033640675,0.0058485335,0.08281257,0.0060218833,0.0074465941,0.015970819,0.26418722,0.0022905502,0.61205775
20180109-074030-2.jpg,8,8,0.12428486,0.043765545,0.0007327483,0.0014399466,0.00049666525,0.1700886,0.042938367,0.029816924,0.58643633
20180109-074039-1.jpg,8,8,0.019802207,0.012534828,0.0060330173,0.0055907904,0.0048197582,0.052900527,0.099703409,0.0090604201,0.78955507
20180109-074135-1.jpg,8,6,0.0093093775,0.020268232,0.032276835,0.0062717418,0.013099505,0.017482463,0.4623042,0.0055442099,0.4334434
20180109-074156-2.jpg,8,7,0.24838281,0.0073047308,0.00027846376,0.0012101866,0.00046407504,0.085491225,0.008164647,0.43725249,0.21145128
20180109-074248-1.jpg,8,8,0.0059492318,0.0025222099,0.012154072,0.010924013,0.014795152,0.0049858792,0.01170817,0.0080911508,0.9288702
20180109-074258-2.jpg,8,8,0.21348312,0.086068422,0.0033830255,0.000963845,0.00099182944,0.026203273,0.24861203,0.14268203,0.27761239
20180109-074306-2.jpg,8,8,0.14391847,0.10867103,0.00071659382,0.0015268283,0.00046799012,0.073886856,0.11946467,0.084132887,0.46721464
20180109-074349-2.jpg,8,8,0.05713781,0.005833576,0.00043517852,0.00070165796,0.00036729465,0.13144633,0.07178469,0.031717692,0.70057583
20180109-074410-1.jpg,8,8,0.070760749,0.030495485,0.029501406,0.01667984,0.058712978,0.05341585,0.081910521,0.045538981,0.61298418
20180109-074440-1.jpg,8,8,0.005279257,0.0050451849,0.048619468,0.013168151,0.049540259,0.023214176,0.061751705,0.0039950819,0.78938675
20180109-074457-2.jpg,8,0,0.36656544,0.038540691,0.00029349336,0.0011517246,0.00050049991,0.059222523,0.043333098,0.2450628,0.24532974
20180109-074539-2.jpg,8,0,0.37647459,0.040184751,0.00032879843,0.0012139617,0.00040506391,0.082690597,0.015630338,0.15066464,0.33240727
20180109-074543-1.jpg,8,8,0.0086291358,0.025114004,0.028462894,0.021482026,0.047032081,0.0067878501,0.17395192,0.011480979,0.67705911
20180109-074604-1.jpg,8,8,0.0038644215,0.0014838524,0.019157862,0.0056042471,0.012801706,0.014268823,0.008313721,0.0020025331,0.93250281
20180109-074617-2.jpg,8,8,0.21851088,0.036735218,0.0016372479,0.0029249294,0.0015777758,0.10869509,0.04464845,0.26793361,0.31733677
20180109-074740-1.jpg,8,8,0.007844354,0.012502203,0.055388264,0.0083194431,0.033901684,0.020929907,0.14827366,0.0075433967,0.70529711
20180109-074833-1.jpg,8,8,0.0070701162,0.0019057319,0.0004398918,0.0008888169,0.00062571489,0.0084802415,0.013430869,0.0024033145,0.9647553
20180109-074841-2.jpg,8,8,0.032173991,0.092019543,0.024255905,0.012780306,0.0085818591,0.025506202,0.067267857,0.030737456,0.7066769
20180109-074924-1.jpg,8,8,0.034727164,0.020904468,0.019381562,0.039470531,0.070550464,0.019339373,0.012107532,0.033647884,0.74987108
20180109-075105-1.jpg,8,6,0.053282116,0.1624635,0.0058209756,0.0045511532,0.0031226599,0.081500739,0.46538678,0.028986819,0.19488522
20180109-075110-2.jpg,8,8,0.0048216279,0.0081576668,0.230363,0.006401951,0.0088322489,0.0053172223,0.15034498,0.006785043,0.57897627
20180109-075157-1.jpg,8,8,0.043139692,0.01031355,0.13973229,0.048095979,0.14788397,0.027573891,0.010297957,0.047605295,0.52535737
20180109-075232-2.jpg,8,8,0.028911145,0.029606771,0.15119101,0.0074109286,0.0082448507,0.016775789,0.21318157,0.017280078,0.52739781
20180109-075237-1.jpg,8,8,0.0052222968,0.0018328936,0.034042679,0.012738696,0.053090155,0.019026153,0.015528938,0.0021187307,0.85639954
20180109-075247-2.jpg,8,8,0.0060386141,0.008029379,0.058374669,0.019785356,0.022607999,0.0029458457,0.068628751,0.0084035732,0.80518585
20180109-075319-2.jpg,8,8,0.0029338046,0.0013591998,0.0089028189,0.00077237387,0.00034367948,0.024591247,0.012370594,0.00056600897,0.94816023
20180109-075329-2.jpg,8,8,0.0082739471,0.0052873786,0.19081965,0.0045894585,0.0049482528,0.022691913,0.047364149,0.0047050086,0.71132022
20180109-075337-2.jpg,8,8,0.001303691,0.0022376846,0.0062137339,0.00087571889,0.00065033819,0.0033411572,0.019664837,0.000831399,0.96488148
20180109-075356-2.jpg,8,8,0.03556969,0.12743126,0.00073893432,0.0030593667,0.00059288694,0.026617486,0.10490488,0.012047259,0.68903828
20180109-075430-2.jpg,8,8,9.5441152e-05,0.00018456142,0.018940957,0.00095732504,0.00092253432,0.0008113379,0.044314474,3.893653e-05,0.93373436
20180109-075456-1.jpg,8,8,0.0021827661,0.00060289085,0.0002840886,0.0010447953,0.00062663859,0.0080042286,0.0095599648,0.00046723033,0.97722739
20180109-075509-2.jpg,8,8,0.0018069324,0.0010494629,0.22563007,0.028442496,0.074718378,0.0018995543,0.008248833,0.0017354558,0.65646881
20180109-075517-2.jpg,8,8,0.0046677603,0.013619694,0.0081788842,0.0029837973,0.004467417,0.0069468194,0.17481692,0.002640137,0.78167862
20180109-075655-2.jpg,8,8,0.0007241079,0.0019164731,0.041515287,0.0043523009,0.0016865132,0.0086166607,0.068591282,0.00059835665,0.87199903
20180109-075712-2.jpg,8,8,0.0026126318,0.0029943243,0.10170182,0.0037015881,0.0027543448,0.01824986,0.21494727,0.0022004035,0.65083772
20180109-075720-2.jpg,8,2,0.0098423874,0.011947711,0.45165226,0.0071337088,0.01118588,0.0059593874,0.089695103,0.011663426,0.40092009
20180109-075741-2.jpg,8,2,0.0064272997,0.014033072,0.39444613,0.0099954167,0.024712633,0.014118332,0.19151065,0.010152115,0.33460432
20180109-080016-1.jpg,8,8,0.024597129,0.075806364,0.0035686777,0.02881049,0.0075090271,0.0089160334,0.055854108,0.024144147,0.77079397
20180109-080127-2.jpg,7,8,0.087211773,0.21682815,0.011173325,0.0095013166,0.0063193538,0.022759024,0.19747353,0.081454702,0.36727881
20180109-080141-1.jpg,8,8,0.0042509572,0.0010057737,0.0017342566,0.00089616491,0.00075464579,0.0071358476,0.0085420869,0.00074542081,0.97493488
20180109-080148-2.jpg,7,1,0.16280247,0.26712459,0.0042211232,0.0047976021,0.0018284025,0.028982498,0.23179272,0.072958156,0.22549243
20180109-080158-1.jpg,8,8,0.0043633725,0.0011502453,0.0020842021,0.0014184749,0.0012151249,0.0038938674,0.0073279864,0.00070205209,0.97784472
20180109-080219-2.jpg,7,6,0.048100155,0.21086901,0.0011429291,0.0031142444,0.0009919178,0.012206868,0.56312364,0.027685469,0.13276576
20180109-080311-1.jpg,8,8,6.8918773e-05,0.00017595735,3.4484685e-05,5.1392759e-05,5.1430829e-06,0.0029055858,0.013435396,4.5959914e-05,0.9832772
20180109-080420-1.jpg,8,8,0.002958349,0.0014741464,0.00014843492,0.00031316781,0.00018202295,0.010786478,0.056676239,0.0014058193,0.92605531
20180109-080518-2.jpg,8,8,0.0068578864,0.0051756906,0.082714058,0.0028825474,0.0088798311,0.0071990155,0.11709356,0.0050457227,0.76415169
20180109-080602-2.jpg,8,8,0.0045465264,0.0016925806,0.0049229078,0.00051807018,0.001545846,0.0077460627,0.088629417,0.0018378798,0.88856065
20180109-080610-2.jpg,8,8,0.0028707678,0.012195616,0.0027574028,0.0027731308,0.00065196864,0.014092409,0.072650157,0.0021489752,0.88985956
20180109-080631-2.jpg,8,8,0.0067654257,0.0023896652,0.071513109,0.046432398,0.069188192,0.0025496986,0.010430103,0.004989842,0.78574151
20180109-080736-2.jpg,8,8,0.0018812041,0.000338577,0.0054495037,0.00399447,0.0041040499,0.0012879996,0.0064184796,0.0011197036,0.97540605
20180109-085140-2.jpg,7,8,0.13935831,0.093962565,0.026856914,0.068848096,0.020884255,0.030217288,0.03800134,0.24094176,0.34092951
20180109-085308-2.jpg,8,8,0.12843926,0.041147158,0.02036465,0.059501372,0.023186557,0.034980405,0.0036815561,0.12592106,0.562778
20180109-085325-2.jpg,8,8,0.057220466,0.046201922,0.0028247912,0.12297004,0.019192237,0.018279919,0.001608609,0.046845954,0.684856
20180109-085343-2.jpg,8,8,0.094226189,0.087878682,0.011316249,0.12331657,0.031672452,0.043572709,0.011068418,0.079668224,0.51728052
20180109-085410-2.jpg,8,8,0.047916405,0.032969382,0.1725869,0.025769422,0.014320102,0.30062136,0.03504245,0.040902261,0.32987162
20180109-085451-2.jpg,8,8,0.038167015,0.019447334,0.070492983,0.019559911,0.0081223445,0.033550683,0.016181681,0.02921712,0.76526093
20180109-085504-1.jpg,8,8,0.0035204135,0.01238922,0.0049236314,0.0066370079,0.002776057,0.0019334984,0.01698418,0.004461485,0.94637454
20180109-085529-1.jpg,8,8,0.0086554214,0.035569619,4.1941668e-05,0.0021146261,0.00014250141,0.081454076,0.012256802,0.0036913163,0.85607368
20180109-085534-2.jpg,8,8,0.0058954135,0.0057508415,0.030175244,0.013142595,0.0044614496,0.0069784159,0.015008707,0.0060036569,0.91258371
20180109-085739-1.jpg,8,8,0.0032656814,0.0026349437,4.6294557e-05,0.00023403879,6.3536449e-05,0.003827004,0.0021172457,0.0011823846,0.98662889
20180109-085747-2.jpg,7,8,0.12817121,0.013026802,0.0015250382,0.0056622988,0.001236245,0.073473312,0.0053179748,0.19566512,0.57592201
20180109-085840-1.jpg,8,8,0.32838127,0.015120129,0.00030232244,0.0068016485,0.00093681435,0.029643964,0.0024392565,0.22531618,0.39105844
20180109-085921-1.jpg,8,8,0.066762783,0.013267932,0.00078558887,0.10743003,0.0089430725,0.0052662757,0.00066959125,0.03747002,0.75940472
20180109-085932-1.jpg,8,8,0.027867869,0.003800845,0.00011924601,0.0021880376,0.00018929268,0.05125225,0.0045888196,0.014597417,0.89539623
20180109-085934-2.jpg,8,8,0.021625632,0.012158353,0.013813471,0.0090202158,0.0021439034,0.031271961,0.051986054,0.012684613,0.84529579
20180109-085942-2.jpg,8,8,0.02349632,0.0072723953,0.013899473,0.013620775,0.0034163967,0.016430549,0.011027021,0.013927031,0.89691007
20180109-090002-2.jpg,8,8,0.06823571,0.029852849,0.00011568209,0.0003968497,6.0799524e-05,0.017953193,0.086640276,0.041636426,0.75510818
20180109-090103-1.jpg,8,8,0.052895274,0.016797239,0.0042137974,0.0066370852,0.0012487441,0.3892698,0.013988632,0.034697916,0.48025158
20180109-090131-1.jpg,8,8,0.061267536,0.008610284,0.00010187909,0.0015508573,0.00016522862,0.011217709,0.00094133889,0.028953856,0.88719124
20180109-090154-1.jpg,8,8,0.047529019,0.0044524483,0.0026874552,0.0036808096,0.0010380616,0.055723723,0.0081693949,0.016339285,0.86037987
20180109-090221-2.jpg,8,8,0.045729183,0.020609928,0.052066699,0.033850748,0.015647396,0.033140119,0.014534644,0.039243389,0.74517792
20180109-090240-2.jpg,8,8,0.094834723,0.019900875,0.071227387,0.11973794,0.078583457,0.017210808,0.0095372703,0.10086802,0.48809952
20180109-090254-1.jpg,8,8,0.010385168,0.0014976027,0.00015438095,0.0015593143,0.00032938702,0.0031677235,0.0011548114,0.0041100057,0.97764164
20180109-090307-2.jpg,8,8,0.11333867,0.008464627,0.0013528519,0.031272735,0.0062249345,0.015384602,0.0011877618,0.086337999,0.73643583
20180109-090333-2.jpg,8,8,0.0082435645,0.010021425,0.00078145956,0.0006632756,0.00016260451,0.0061656889,0.10275706,0.01049637,0.86070853
20180109-090342-1.jpg,8,8,0.0083290832,0.0024921328,0.00026543532,0.00057607912,0.00021662237,0.015952289,0.011450246,0.0042536836,0.95646441
20180109-090402-1.jpg,8,8,0.053759538,0.019650225,0.00084902707,0.0096105086,0.00086784759,0.06742879,0.0045856973,0.03034465,0.8129037
20180109-090426-1.jpg,8,8,0.11235583,0.0074417945,0.0010484579,0.011984857,0.0026259322,0.011617126,0.001672728,0.055597387,0.79565591
20180109-090446-1.jpg,8,8,0.081413753,0.015931474,0.0059293029,0.028572068,0.0058249929,0.049712848,0.0023337877,0.079785846,0.73049599
20180109-090509-2.jpg,8,8,0.15863609,0.0091983024,0.012534114,0.012135103,0.0051442338,0.034905985,0.0068002339,0.090927795,0.66971815
20180109-090512-1.jpg,8,8,0.016258728,0.0030872666,0.0023895591,0.0026909546,0.00083569286,0.010367602,0.00435554,0.0092430683,0.95077157
20180109-090517-2.jpg,8,8,0.24831828,0.014197856,0.0026067346,0.041294932,0.0071803401,0.026847702,0.0010612021,0.23137455,0.42711836
20180109-090737-2.jpg,8,8,0.0050538741,0.0015767609,0.0041073095,0.028495168,0.0093295434,0.0011178488,0.001423921,0.0018595675,0.94703597
20180109-090745-2.jpg,8,8,0.015034757,0.016427709,0.0039770356,0.040354837,0.010650212,0.015374055,0.0066232053,0.015361058,0.87619716
20180109-090856-2.jpg,8,8,0.0079696719,0.0030780302,0.0036177326,0.0086636301,0.0032953655,0.0063338033,0.004979155,0.008067593,0.95399505
20180109-090914-2.jpg,8,8,0.030681323,0.0054780766,0.016843231,0.012168862,0.0051459903,0.020918684,0.018269489,0.021168262,0.86932606
20180109-090929-2.jpg,8,8,0.012823917,0.0086125517,0.024697822,0.18334123,0.077803582,0.0049031256,0.0076711942,0.01457347,0.66557312
20180109-090944-1.jpg,8,8,0.0094306869,0.0022217454,0.010481045,0.0028291522,0.0012609673,0.0090631433,0.011280457,0.0038871157,0.94954574
20180109-090947-2.jpg,8,8,0.024729213,0.0031268478,0.003113471,0.0034290324,0.0013200634,0.048295006,0.016870042,0.015782984,0.88333338
20180109-091058-2.jpg,8,8,0.00091998011,0.0013509742,0.00063808687,0.0042520794,0.0019861464,0.0010276827,0.004523762,0.001103914,0.98419744
20180109-091334-2.jpg,8,8,0.00093032781,0.0032461134,0.0001386768,0.0025215964,0.00071359519,0.0029328789,0.0029605508,0.00073022087,0.98582608
20180109-091353-2.jpg,8,8,0.0097608026,0.01334613,0.0034661146,0.022288613,0.011379794,0.0099655502,0.031737644,0.0077402974,0.89031506
20180109-091402-1.jpg,8,8,0.013784005,0.0084489621,0.00038036666,0.0018285392,0.00029376679,0.036910802,0.019904653,0.018323606,0.90012532
20180109-091440-1.jpg,8,8,0.00064267521,0.00028552962,4.1635722e-05,0.00010840211,1.9416366e-05,0.0020286406,0.0025814206,0.000236443,0.99405587
20180109-091559-2.jpg,8,8,0.012035153,0.0043346551,0.010888637,0.005499206,0.0034235558,0.0084259389,0.05588641,0.015593059,0.8839134
20180109-091640-1.jpg,8,8,0.10661189,0.011730026,0.00010634938,0.00045611666,0.00013302574,0.012889536,0.0069562681,0.077575795,0.78354102
20180109-091652-2.jpg,8,8,0.0034442514,4.9600756e-05,0.00030014155,0.00080516154,0.00022506677,0.0012057906,0.0017550666,0.0013895417,0.99082536
20180109-091719-2.jpg,8,8,0.0010867664,0.00011173022,1.8042751e-05,0.00015589604,1.9897019e-05,0.00062950561,0.00064084557,0.00033394774,0.99700338
20180109-091736-2.jpg,8,8,0.0047082263,0.0035663596,0.0017775334,0.0015088083,0.00039983468,0.0028692684,0.023545375,0.00195817,0.95966637
20180109-091748-2.jpg,8,8,0.026884357,0.0043713204,0.00043202916,0.0043054912,0.00085020048,0.015170419,0.0018496806,0.020843565,0.92529297
20180109-091822-1.jpg,8,8,0.0089092413,0.0093810381,0.00078230619,0.0022113263,0.0010585369,0.0090109902,0.013934836,0.0069852388,0.94772655
20180109-091900-2.jpg,8,8,0.037213914,0.015943112,0.0083776033,0.0050810883,0.0040354119,0.0045092567,0.021160698,0.026946038,0.87673283
20180109-091907-2.jpg,8,8,0.0091720931,0.0057422318,0.032939687,0.002501043,0.0030427927,0.0051516425,0.093315318,0.0088211568,0.83931404
20180109-091927-2.jpg,8,8,0.077206559,0.027283913,0.0044988445,0.011070873,0.0047559706,0.050439205,0.039492693,0.08529757,0.69995439
20180109-091942-1.jpg,8,8,0.00099568709,0.00092585559,0.001414901,0.0033793075,0.00092159444,0.0009844841,0.0021954526,0.00093729474,0.98824549
20180109-092016-2.jpg,7,8,0.10385393,0.052448824,0.0012074369,0.0029500604,0.00075299002,0.07247711,0.065803833,0.34016538,0.36034042
20180109-092025-1.jpg,8,8,0.0088977106,0.0046180915,0.00085693132,0.0041798525,0.0015496473,0.0050307699,0.0090761306,0.0044609779,0.96132988
20180109-092052-1.jpg,8,8,6.5077766e-05,5.6203967e-06,2.3468033e-06,3.2227104e-05,5.9719937e-06,1.765585e-05,3.6277685e-05,1.1001181e-05,0.99982387
20180109-092108-2.jpg,7,8,0.13407107,0.044386994,0.00041097324,0.0026738087,0.0004692956,0.07623931,0.065627873,0.27147707,0.4046436
20180109-092118-1.jpg,8,8,0.00020336674,0.00017716324,0.0013449974,0.0021931683,0.0011893264,0.00010702755,0.0017245307,0.00020239549,0.99285805
20180109-092137-2.jpg,7,7,0.21249215,0.039904218,0.00025018366,0.001200252,0.00032807648,0.061110262,0.017457081,0.57233387,0.094923913
20180109-092212-2.jpg,8,8,0.00084907713,8.1861304e-05,7.6541022e-05,8.6250788e-05,4.7536822e-05,0.00047755762,0.0011969637,0.00035850704,0.9968257
20180109-092237-1.jpg,8,8,0.00132328,0.00088849745,0.002606329,0.0032512317,0.0021465307,0.00093390414,0.0041635158,0.00085727818,0.98382944
20180109-092305-2.jpg,8,8,0.0087222876,0.0033296994,0.0082220333,0.0099057639,0.0044414499,0.0021761199,0.0048503387,0.0075902152,0.95076209
20180109-092317-1.jpg,8,8,0.0012782208,0.00064744405,0.00076665083,0.0011782093,0.00055127428,0.00074132794,0.0036102594,0.00090544525,0.99032122
20180109-092341-2.jpg,8,8,0.043589324,0.062378228,0.0092455167,0.016484246,0.0065299454,0.14142926,0.070080899,0.10329406,0.54696858
20180109-092355-2.jpg,8,8,0.02635826,0.025238577,0.00077710481,0.0068054013,0.00098667992,0.021579267,0.037175227,0.032200504,0.84887892
20180109-092523-2.jpg,8,8,0.036938801,0.002798351,4.8382233e-05,0.0011114668,0.00019667878,0.017027048,0.001988516,0.03349502,0.90639573
20180109-094509-2.jpg,8,8,0.055640057,0.011266988,0.0046583288,0.0050912527,0.0025578053,0.0053820452,0.0066489056,0.0514565,0.85729814
20180109-094515-2.jpg,7,8,0.3994903,0.010337593,0.00079530972,0.0060867681,0.0012933513,0.014442281,0.0018121253,0.13376053,0.4319818
20180109-094616-1.jpg,8,8,0.064896815,0.0050231926,0.0087564951,0.062869281,0.01345202,0.0039424035,0.0012307339,0.032388676,0.8074404
20180109-094621-2.jpg,8,8,0.12697233,0.020741845,0.039848067,0.16491884,0.094434433,0.021788316,0.006319297,0.11564063,0.40933624
20180109-094641-1.jpg,8,8,0.0012316961,0.00020945532,0.0008059424,0.03475887,0.010702861,0.00019918912,0.00043936813,0.0010004531,0.95065218
20180109-094707-1.jpg,8,8,0.023566205,0.0098642828,0.014370041,0.016663076,0.0050396435,0.011173966,0.022225022,0.01351394,0.88358384
20180109-094738-2.jpg,8,8,0.029541112,0.0057061706,0.013853875,0.035449181,0.016822794,0.012739155,0.004152555,0.029812867,0.85192227
20180109-094914-2.jpg,8,4,0.018151201,0.0026930887,0.13788852,0.21072178,0.3574793,0.0050412971,0.0038595963,0.018213904,0.24595129
20180109-094956-2.jpg,8,8,0.044057272,0.0015439648,0.010010027,0.031430565,0.014407534,0.01767377,0.0012202108,0.036720514,0.84293616
20180109-095059-1.jpg,8,8,0.052431755,0.012634724,0.0004800375,0.0060401713,0.0013323933,0.0045681414,0.0027155285,0.045401715,0.87439555
20180109-095059-2.jpg,8,8,0.095190555,0.012968184,0.028990978,0.047134206,0.034389485,0.018220127,0.0051986282,0.053228851,0.70467901
20180109-095124-1.jpg,8,8,0.003211651,0.00057814986,0.013865484,0.016375508,0.017997269,0.00053894322,0.0026050361,0.0016890916,0.94313884
20180109-095127-2.jpg,8,8,0.025582787,0.0098386705,0.22080241,0.2026449,0.17292453,0.0132786,0.012880819,0.038941544,0.30310574
20180109-095152-2.jpg,8,8,0.0018204874,0.00038254194,0.12151998,0.0071287854,0.0055445042,0.0023054441,0.012064029,0.0011293158,0.84810489
20180109-095245-1.jpg,8,8,0.1135951,0.017710049,0.033585183,0.043774396,0.035962932,0.017972944,0.011557024,0.098747745,0.62709457
20180109-095253-1.jpg,8,8,0.012934041,0.0071895076,0.1424831,0.088375837,0.045284592,0.0053812065,0.0063825999,0.023569386,0.66839975
20180109-095254-2.jpg,8,8,0.092797153,0.0038573183,0.016866211,0.076149158,0.035719611,0.010002513,0.0021334724,0.064144909,0.69832963
20180109-095302-2.jpg,8,8,0.12130437,0.010279298,0.0052822614,0.042974062,0.016528467,0.0080950763,0.0028009461,0.081167147,0.71156836
20180109-095357-1.jpg,8,8,0.037065953,0.0077948552,0.0098833321,0.067082427,0.030076243,0.0032888998,0.0037939285,0.031328287,0.80968612
20180109-095412-2.jpg,8,8,0.01596332,0.0068397201,0.2383614,0.1271867,0.074885793,0.0080738645,0.0076420824,0.024935145,0.49611193
20180109-095445-2.jpg,8,8,0.062626719,0.0066300682,0.01477705,0.01423591,0.0098600509,0.016184689,0.022800818,0.043960165,0.8089245
20180109-095505-2.jpg,8,8,0.020656573,0.011245493,0.016981667,0.31149325,0.12405337,0.0072713387,0.0078069838,0.029531846,0.47095948
20180109-095605-1.jpg,8,8,0.0065781237,0.0024018001,0.0096582314,0.19371746,0.10824052,0.00055678008,0.0020253828,0.014370082,0.66245162
20180109-095621-1.jpg,8,8,0.0014841115,0.0010583606,0.0038702278,0.026798747,0.0059652044,0.00075290585,0.0021845016,0.002425388,0.95546055
20180109-095749-2.jpg,8,8,0.011277478,0.009682239,0.0075022466,0.010260714,0.0018104053,0.020562699,0.0067251888,0.0038161969,0.92836285
20180109-095819-2.jpg,8,8,0.00996505,0.0070622629,0.069531366,0.093193419,0.04831481,0.006538095,0.0054320362,0.012208783,0.74775422
20180109-095820-2.jpg,8,2,0.0069304528,0.0048610368,0.52000362,0.044640094,0.023870975,0.0067387926,0.0099578472,0.0058482355,0.37714896
20180109-095830-2.jpg,8,8,0.017633375,0.0091614323,0.13008223,0.014818369,0.0052222954,0.02607798,0.020697996,0.015119567,0.76118672
20180109-095906-1.jpg,8,8,0.0040540621,0.0002852325,0.00094083167,0.003238376,0.00038531167,0.0013315341,0.00092146959,0.0018519193,0.98699123
20180109-095921-2.jpg,8,8,0.010415736,0.03239714,0.033515513,0.025995376,0.020567024,0.016879393,0.087516367,0.014778966,0.75793445
20180109-100000-2.jpg,8,8,0.0048361332,0.0073592975,0.017728608,0.11976539,0.050082345,0.005881879,0.0033100985,0.0058449316,0.78519124
20180109-100010-2.jpg,8,8,0.010618728,0.012268741,0.061324324,0.273231,0.17338602,0.0061597861,0.0060849544,0.016633976,0.44029251
20180109-100113-1.jpg,8,8,0.0025831342,0.0027117745,0.00037099354,0.0044111605,0.00075324916,0.00096986874,0.0011951716,0.0025529049,0.98445177
20180109-100225-2.jpg,8,8,0.0019577607,0.0021624283,0.0094746798,0.0012555462,0.00036581117,0.0025607781,0.0067991125,0.00072940381,0.97469455
20180109-100232-1.jpg,8,8,0.00011053387,8.5913225e-06,8.040214e-05,0.001320378,0.00020374582,3.3660363e-05,4.8243332e-05,3.6330614e-05,0.99815816
20180109-100329-2.jpg,8,8,0.00034547257,9.8276461e-05,0.0031045573,0.0040236213,0.0012477316,0.00012661259,0.00026157568,0.00012863112,0.99066353
20180109-100338-2.jpg,8,8,0.042399276,0.01588309,0.12545791,0.02890099,0.014402266,0.0081727766,0.024530338,0.035772752,0.70448059
20180109-100348-2.jpg,8,8,0.054475967,0.057358466,0.0184849,0.19405782,0.070227936,0.0073057245,0.0056416942,0.071815588,0.52063191
20180109-100428-2.jpg,8,2,0.0040211142,0.0035259919,0.60968089,0.035397496,0.039565898,0.0019360497,0.012211772,0.0039302325,0.28973049
20180109-100526-1.jpg,8,8,0.012905596,0.0019693805,0.0041944515,0.028178658,0.0098886481,0.0018786298,0.0018836907,0.0092770169,0.92982388
20180109-100555-1.jpg,8,8,0.00035364935,0.00011907476,0.00064606115,0.01832908,0.0044357632,7.6946089e-05,0.00032823085,0.00033771165,0.97537351
20180109-100617-1.jpg,8,8,0.0033173475,0.0020671091,0.016540693,0.17755634,0.1128431,0.0014189031,0.0049139066,0.0032513291,0.67809129
20180109-100740-2.jpg,8,8,0.00048929104,0.00063871447,0.00013373118,0.0015396021,0.00028335309,0.0010039428,0.0012533438,0.00027950655,0.99437851
20180109-100752-1.jpg,8,8,0.0034147112,0.002735991,0.00021538266,0.0029444878,0.00034252799,0.00078776333,0.00059217436,0.0027773599,0.98618966
20180109-100843-1.jpg,8,8,0.0078758337,0.0035173127,0.00072620891,0.00094733527,0.00028863025,0.018127603,0.017879728,0.0027110383,0.94792634
20180109-101007-2.jpg,8,8,0.0020304106,0.0014875868,0.0047514257,0.014939603,0.0070374482,0.016795693,0.0068357694,0.001879462,0.9442426
20180109-101017-1.jpg,8,8,0.0016580744,0.00027872357,5.0833252e-05,0.00011130483,1.588247e-05,0.0027097808,0.0019491834,0.00060008024,0.99262613
20180109-101046-2.jpg,8,8,0.0010013004,0.002298848,0.00020219812,0.00022626594,2.5196105e-05,0.0094268974,0.012374838,0.00036282648,0.97408164
20180109-101049-1.jpg,8,8,0.013083514,0.00066029502,0.0009454636,0.0061946712,0.0036059152,0.0012017947,0.0011972006,0.0067551848,0.96635604
20180109-101131-2.jpg,8,8,0.017248521,0.05618931,0.0010822507,0.0020152498,0.0006710689,0.058438115,0.29652932,0.0080301845,0.55979592
20180109-101155-1.jpg,8,8,0.004067047,0.0074169771,0.0007758587,0.0021379674,0.00071738166,0.0073338249,0.027993688,0.005970913,0.94358635
20180109-101208-2.jpg,8,8,0.0025339837,0.01132628,0.0028250373,0.0009793631,0.00042423571,0.022903463,0.26068765,0.0015129716,0.69680709
20180109-101209-2.jpg,8,8,0.0013583013,0.0013987405,0.010138818,0.011616106,0.0043226373,0.00061054691,0.0016557528,0.0012764137,0.96762264
20180109-101235-1.jpg,8,8,0.010093218,0.0047151065,0.0016261563,0.008496942,0.0024490007,0.0027798733,0.0058242371,0.0078372369,0.95617825
20180109-101329-1.jpg,8,8,0.0016500264,0.0042269849,0.001738883,0.0028267673,0.000941367,0.0016956681,0.016873075,0.0026725291,0.96737468
20180109-101333-2.jpg,8,8,0.0026211918,0.0078687444,0.00092103577,0.002132623,0.0004515945,0.012035568,0.068389565,0.0017116525,0.90386808
20180109-101342-2.jpg,8,8,0.00067297067,0.00038606816,5.3444852e-05,6.006171e-05,8.1082599e-06,0.031786341,0.006019006,0.00010958706,0.96090442
20180109-101522-1.jpg,8,8,0.002437687,0.00031024712,0.00056677219,0.012153683,0.001674385,0.00091302703,0.0008200506,0.0018127483,0.97931141
20180109-101525-2.jpg,8,8,0.0036666438,0.0012966351,0.0039908183,0.010606062,0.0040945555,0.0018483825,0.0010992249,0.0016151135,0.97178257
20180109-101542-2.jpg,8,8,0.026865585,0.012523167,0.17243508,0.076647274,0.057055715,0.0087092528,0.0054408824,0.030856803,0.60946625
20180109-101549-1.jpg,8,8,0.1015223,0.021435505,0.013291632,0.037217561,0.027710523,0.020492582,0.0061432198,0.086138949,0.68604773
20180109-102800-2.jpg,8,8,0.0071791983,0.0078275148,0.027770873,0.14248984,0.054330144,0.0062496555,0.0062063364,0.011866597,0.73607981
20180109-102825-2.jpg,8,8,0.045199987,0.020017967,0.033316731,0.031890921,0.0095606456,0.057551961,0.011530525,0.043548696,0.74738258
20180109-102917-1.jpg,8,8,0.010719396,0.0044773365,0.053371552,0.12562826,0.090958498,0.0027941703,0.0060492684,0.01544148,0.69056004
20180109-102924-2.jpg,8,8,0.010870051,0.0067240181,0.27842307,0.04985607,0.048875846,0.0082029486,0.021103835,0.0099447258,0.56599945
20180109-102925-2.jpg,8,8,0.015657252,0.0049054427,0.18362854,0.081438467,0.039055277,0.0042222259,0.003776893,0.016213005,0.6511029
20180109-102940-2.jpg,8,8,0.0083772307,0.0054246294,0.10272375,0.073855989,0.055866554,0.0038505381,0.0054158801,0.0099028805,0.73458254
20180109-102947-1.jpg,8,8,0.002304805,0.0011369244,0.00021417426,0.019949682,0.0053696772,0.00026148325,0.00043189325,0.001201249,0.9691301
20180109-103020-2.jpg,8,8,0.030038135,0.012898804,0.14783618,0.12679051,0.097630858,0.0069162757,0.00590258,0.041513279,0.53047341
20180109-103036-2.jpg,8,8,0.0021240367,0.00104409,0.033839472,0.094507322,0.047524054,0.00064813573,0.0017300537,0.00226399,0.81631881
20180109-103247-2.jpg,8,2,0.014315544,0.02354837,0.39541981,0.013758441,0.0065194168,0.035421986,0.12026623,0.016490735,0.37425947
20180109-103257-2.jpg,8,8,0.021219289,0.011646248,0.19855951,0.060615666,0.032494456,0.02189897,0.026762709,0.017514631,0.60928857
20180109-103331-2.jpg,8,8,0.0058833701,0.0021775968,0.030500773,0.019211907,0.007202107,0.01092336,0.0063061831,0.0031152011,0.91467953
20180109-103333-1.jpg,8,8,0.013555381,0.0074747456,0.026842816,0.14186534,0.051497694,0.0043660137,0.0030884868,0.016171556,0.735138
20180109-103343-1.jpg,8,8,0.0041733724,0.0018848564,0.0022891038,0.076407909,0.015239874,0.0012522272,0.001246966,0.0034458262,0.8940599
20180109-103404-1.jpg,8,8,0.025255201,0.040044717,0.012969522,0.045147296,0.032413524,0.010583825,0.094082385,0.032838389,0.70666516
20180109-103416-2.jpg,8,8,0.0063698231,0.0050787758,0.046924841,0.023628887,0.015651533,0.010796881,0.074853316,0.004895363,0.81180054
20180109-103423-1.jpg,8,8,0.001604119,0.0016589202,0.018087674,0.042979632,0.014107278,0.00081914983,0.0014726829,0.0015607902,0.91770977
20180109-103437-1.jpg,8,8,0.003911322,0.0010515725,0.0052258694,0.027468035,0.034654375,0.0012130421,0.0011837533,0.0027951633,0.92249686
20180109-103445-1.jpg,8,8,0.0017060635,0.0008172238,0.097660378,0.056310624,0.11060973,0.00056373788,0.0081095342,0.0019594047,0.72226334
20180109-103502-2.jpg,8,8,0.012857972,0.021925934,0.21854529,0.055855673,0.020704152,0.033720534,0.035506576,0.012438507,0.58844537
20180109-103511-2.jpg,8,8,0.0292436,0.021756683,0.19245912,0.03475656,0.018581344,0.026380425,0.057680447,0.024765037,0.59437674
20180109-103524-1.jpg,8,8,0.0030759114,0.0013199074,0.044335388,0.12695567,0.066709757,0.0008879106,0.00179596,0.0025378847,0.75238162
20180109-103607-2.jpg,8,8,0.0029131002,0.0026433791,0.095452033,0.072061621,0.021424811,0.0088926051,0.019472152,0.0036165237,0.77352381
20180109-103614-2.jpg,8,8,0.052997131,0.01034777,0.11750878,0.13546933,0.13845003,0.017544886,0.01052301,0.058520209,0.45863885
20180109-103722-2.jpg,8,8,0.0039660865,0.0012412608,0.0052733817,0.0078333989,0.0018161641,0.001455583,0.0024694626,0.0029849028,0.97295976
20180109-103723-1.jpg,8,8,0.0025943343,0.0010828624,0.0060140863,0.0082059754,0.002850679,0.0010991673,0.0017766097,0.0012924902,0.97508383
20180109-103734-1.jpg,8,8,0.0090710111,0.0039444161,0.051363368,0.090958953,0.058325045,0.0019123493,0.0036982447,0.0098623997,0.77086425
20180109-103853-1.jpg,8,8,0.028417261,0.0096398937,0.14909317,0.23607644,0.080330342,0.0068849805,0.011629604,0.036109228,0.44181904
20180109-103928-2.jpg,8,8,0.0087202853,0.0044064256,0.049008511,0.12054278,0.09765029,0.0025137221,0.0078900047,0.011817746,0.69745028
20180109-104116-2.jpg,8,8,0.0078711268,0.0048823534,0.19179986,0.052988414,0.029553769,0.005728825,0.01306527,0.009971506,0.68413883
20180109-104151-2.jpg,8,8,0.0094136791,0.0037308934,0.21665666,0.15962009,0.081325531,0.0026175319,0.01027199,0.0094893295,0.50687432
20180109-104202-1.jpg,8,8,0.0036525598,0.0032561617,0.0082617681,0.033202421,0.0087964013,0.00099895149,0.00086274475,0.0038961291,0.93707287
20180109-104228-2.jpg,8,8,0.023996999,0.010768957,0.32301053,0.069958374,0.090333253,0.018454725,0.026119512,0.042333726,0.39502391
20180109-104231-1.jpg,8,8,0.0009098571,0.00054105953,0.00098019105,0.0055094967,0.0013877383,0.00042138284,0.00041406532,0.00021424466,0.989622
20180109-104251-1.jpg,8,8,0.0055037914,0.0050428892,0.13129099,0.033033576,0.11635572,0.022700978,0.014214887,0.009279592,0.66257757
20180109-104318-1.jpg,8,8,0.0032928605,0.003087136,0.0052099004,0.1165195,0.010748941,0.0010901539,0.00094254932,0.0032687746,0.85584015
20180109-104342-2.jpg,8,8,0.014071037,0.0013338467,0.0027800431,0.011478079,0.0017031817,0.0077090454,0.0040033553,0.0097955707,0.94712579
20180109-104345-1.jpg,8,8,0.00043222142,0.00059341954,0.0015537327,0.052716311,0.01450519,0.00031871378,0.0009449051,0.00080077688,0.92813474
20180109-104351-2.jpg,8,8,0.0041257045,0.001308189,0.0200378,0.055732694,0.011779835,0.00088938657,0.0029372049,0.004600307,0.89858884
20180109-104402-1.jpg,8,8,0.0028496794,0.0014815403,0.019481748,0.044038508,0.018402679,0.00093527354,0.0036884136,0.0031321615,0.90599006
20180109-104408-2.jpg,8,8,0.021726377,0.0097342739,0.0092103509,0.29589078,0.11128184,0.00373977,0.0037599236,0.023247974,0.52140874
20180109-104423-1.jpg,8,8,0.014774711,0.0073198448,0.013873499,0.11549251,0.060273949,0.0077904374,0.0060099359,0.01542201,0.7590431
20180109-104433-1.jpg,8,8,0.017760886,0.0047898539,0.12717997,0.04449299,0.022867408,0.010861672,0.018423533,0.01322885,0.74039489
20180109-104513-2.jpg,8,8,0.0053080977,0.0023153541,0.15686393,0.11487522,0.13860296,0.0027736053,0.0067486363,0.0056948634,0.56681728
20180109-104520-1.jpg,8,8,0.016271627,0.008247219,0.035447344,0.14382225,0.063816242,0.0045292098,0.0024231605,0.015940379,0.70950258
20180109-104616-2.jpg,8,8,0.012325363,0.0018769644,0.038316775,0.055177521,0.024255732,0.0030365558,0.0053581814,0.0082205366,0.85143238
20180109-104623-2.jpg,8,8,0.0057654134,0.0080733635,0.11377718,0.13557726,0.039270934,0.018103767,0.017834349,0.0091490271,0.65244877
20180109-104645-2.jpg,8,8,0.056692891,0.013318987,0.038112719,0.084501848,0.028435957,0.019229963,0.0058134175,0.036683597,0.71721053
20180109-104647-1.jpg,8,8,0.015399807,0.007675603,0.034367464,0.043457307,0.018880619,0.0065364968,0.0057008909,0.020598521,0.84738326
20180109-104802-1.jpg,8,8,0.011683885,0.00327064,0.13219567,0.060528018,0.04195695,0.0035885021,0.0065765809,0.0094650658,0.73073471
20180109-105126-2.jpg,8,2,0.01617562,0.0040852479,0.43549141,0.067095481,0.1233983,0.0026788388,0.0086937202,0.016054617,0.3263267
20180109-105430-1.jpg,8,8,0.01495518,0.0045021037,0.0026844987,0.020660177,0.0028819109,0.022504412,0.0031368092,0.010337758,0.91833717
20180109-105441-1.jpg,8,8,0.01062233,0.003139874,0.027319439,0.017459126,0.0058737732,0.012301183,0.0077538914,0.0099257706,0.9056046
20180109-105500-1.jpg,8,8,0.071562968,0.019373914,0.0029619909,0.044554926,0.0065692859,0.007495645,0.0045153978,0.067344911,0.775621
20180109-105705-2.jpg,8,8,0.019004012,0.0092632966,0.074829184,0.12725629,0.087116078,0.0077511198,0.017880218,0.024812138,0.63208765
20180109-105731-2.jpg,8,8,0.0060420595,0.0028596525,0.1843673,0.041194156,0.071565077,0.018885707,0.026532495,0.0034814265,0.6450721
20180109-105756-2.jpg,8,8,0.09009736,0.027454818,0.0066714506,0.039546344,0.013359559,0.12363023,0.011237119,0.066226646,0.62177646
20180109-105803-1.jpg,8,8,0.025154179,0.0080351168,0.023892509,0.1007609,0.028475799,0.012623233,0.0059054201,0.015339138,0.77981371
20180109-105824-1.jpg,8,8,0.0052515795,0.0021826983,0.22507857,0.051698253,0.052826423,0.0041318885,0.015052184,0.0049994448,0.63877898
20180109-105842-1.jpg,8,8,0.0050256387,0.0019827534,0.012643868,0.075594731,0.012965082,0.0010420812,0.0020820624,0.0040436885,0.88462007
20180109-105847-2.jpg,8,8,0.013099088,0.0075745219,0.14382133,0.048770875,0.036022607,0.025329698,0.016305966,0.017605286,0.69147062
20180109-110013-2.jpg,8,8,0.014650346,0.0079932641,0.1018938,0.090263262,0.12819208,0.017478507,0.039178122,0.020484667,0.57986599
20180109-110111-2.jpg,8,8,0.015312649,0.0050381445,0.14336799,0.13045989,0.098745592,0.0034935351,0.0055324011,0.024894178,0.57315558
20180109-110120-2.jpg,8,8,0.0028572301,0.0010539084,0.054832112,0.096912712,0.078665994,0.0012872074,0.0048989272,0.0028737353,0.7566182
20180109-110142-1.jpg,8,8,0.010961314,0.0036485274,0.026807498,0.058496006,0.01394651,0.0021370803,0.0041316277,0.0060046632,0.87386674
20180109-110155-1.jpg,8,8,0.0063572922,0.0011764913,0.0082750693,0.021225939,0.017352229,0.0027486742,0.0036639606,0.0022759945,0.93692434
20180112-070129-2.jpg,8,8,0.056961082,0.06150366,0.03827345,0.094449468,0.061844192,0.02481658,0.010538985,0.075069197,0.57654339
20180112-070149-2.jpg,8,8,0.066447906,0.0076387427,0.011187383,0.11241521,0.12714009,0.004979494,0.0016015552,0.043543484,0.62504613
20180112-070302-2.jpg,8,8,0.15519758,0.026145607,0.036006335,0.050086599,0.03046824,0.02926307,0.013688892,0.16602595,0.49311772
20180112-070412-2.jpg,8,8,0.043736726,0.0070155947,0.052342996,0.14345068,0.14618623,0.0061578904,0.0056292163,0.054338168,0.54114246
20180112-070545-2.jpg,8,8,0.074037597,0.012339052,0.0087302011,0.07073079,0.052172147,0.013238059,0.0046539786,0.032077041,0.73202115
20180112-070631-2.jpg,8,4,0.038764052,0.020214899,0.025875298,0.21269533,0.4126268,0.01388668,0.0099297902,0.058244485,0.20776273
20180112-070658-2.jpg,8,4,0.026735473,0.0098808333,0.064170949,0.16231275,0.53846902,0.0064445869,0.0066665029,0.051520519,0.13379933
20180112-070742-2.jpg,8,4,0.034189709,0.0082247686,0.029164245,0.03923028,0.48297277,0.02598948,0.0069937469,0.02351163,0.3497234
20180112-070805-2.jpg,8,4,0.068705939,0.032687422,0.09144517,0.078751691,0.44171399,0.051511299,0.023482019,0.060956918,0.1507456
20180112-070944-2.jpg,8,4,0.010230064,0.0028030833,0.095100306,0.047258612,0.72523624,0.0044182604,0.01181419,0.012227581,0.090911634
20180112-071008-2.jpg,8,4,0.0068687131,0.0017448711,0.070919789,0.081365325,0.67531335,0.012658685,0.0058817388,0.0046168985,0.1406306
20180112-071307-2.jpg,8,4,0.036769889,0.0076048728,0.10584785,0.14458324,0.34803522,0.011704172,0.012148022,0.03290176,0.300405
20180112-071336-2.jpg,8,4,0.029815298,0.008306941,0.26809636,0.11308756,0.32134926,0.0077165286,0.018511444,0.030109622,0.20300688
20180112-071355-2.jpg,8,8,0.045080166,0.0047075711,0.056371748,0.13276652,0.18882668,0.0060671247,0.0053321519,0.041689496,0.5191586
20180112-071404-2.jpg,8,4,0.018221194,0.004719025,0.029741047,0.22599886,0.5147171,0.0024857391,0.0036448641,0.020114524,0.18035765
20180112-071420-2.jpg,8,4,0.0096271047,0.0023793741,0.013983823,0.17315046,0.58297312,0.0014996438,0.0013578018,0.01130761,0.20372097
20180112-071421-2.jpg,8,4,0.028762138,0.008711325,0.076315984,0.14140484,0.54060817,0.0076242946,0.010085366,0.041446898,0.14504108
20180112-071634-2.jpg,8,8,0.13203189,0.04204338,0.02928861,0.13062099,0.21559702,0.017874377,0.012990766,0.18166855,0.2378844
20180112-071700-2.jpg,8,8,0.14034769,0.039674383,0.0079495255,0.042683117,0.040215082,0.011228656,0.0094779432,0.15075657,0.55766708
20180112-071740-1.jpg,8,8,0.042351414,0.005646958,0.008556352,0.02440789,0.0089684427,0.016113872,0.0024604965,0.022033522,0.86946106
20180112-071827-2.jpg,8,4,0.0097126393,0.0048680119,0.057536077,0.047691733,0.72769225,0.0025392233,0.0064813239,0.014617984,0.12886077
20180112-071846-1.jpg,8,8,0.023967471,0.014534358,0.03743349,0.23216766,0.24053416,0.0075557642,0.011105393,0.033406314,0.39929542
20180112-071911-2.jpg,8,8,0.05678618,0.0293923,0.058540784,0.088266879,0.32355693,0.019578254,0.020326709,0.072589606,0.33096242
20180112-071913-2.jpg,8,4,0.015385635,0.004790856,0.011972948,0.13036381,0.69702023,0.0026098054,0.0016993555,0.029491194,0.1066661
20180112-071938-1.jpg,8,8,0.015988402,0.013470364,0.113263,0.041699726,0.066331446,0.012270364,0.049602907,0.010440054,0.67693377
20180112-071949-1.jpg,8,8,0.030888956,0.016169136,0.069281735,0.052278861,0.051981043,0.0074667409,0.022708053,0.040123817,0.70910168
20180112-071959-1.jpg,8,8,0.032169659,0.017185502,0.018697446,0.10178125,0.1268397,0.012093261,0.0086955391,0.023889011,0.65864867
20180112-072021-2.jpg,8,4,0.092469998,0.034419484,0.1042515,0.12708525,0.26250428,0.018736839,0.028237563,0.094038576,0.23825654
20180112-072148-2.jpg,8,4,0.060522337,0.011701187,0.093510695,0.13582803,0.38348907,0.015461933,0.018797543,0.048715219,0.23197398
20180112-072203-1.jpg,8,8,0.071184404,0.042018432,0.025391338,0.04841689,0.065458961,0.040510308,0.013941836,0.073686786,0.61939108
20180112-072238-1.jpg,8,2,0.018772865,0.014045567,0.44862878,0.048965853,0.095930293,0.0088696796,0.032473784,0.043171503,0.28914174
20180112-072402-1.jpg,8,8,0.029780725,0.005364364,0.009189791,0.050531808,0.080125906,0.010573098,0.011778057,0.026273107,0.77638316
20180112-072412-2.jpg,8,8,0.16330336,0.15976676,0.0036768091,0.055497304,0.02480384,0.0087378453,0.012163008,0.17667657,0.39537454
20180112-072500-1.jpg,8,3,0.07393644,0.041348498,0.017519454,0.32029778,0.18201841,0.013667005,0.0073107961,0.090289831,0.2536118
20180112-072511-1.jpg,8,8,0.11298164,0.04122144,0.039422411,0.063496113,0.055262815,0.023429202,0.010446803,0.10346659,0.55027294
20180112-072541-2.jpg,8,8,0.084104404,0.039067388,0.016490594,0.10378481,0.17773144,0.011374913,0.013595255,0.070460901,0.48339027
20180112-072547-1.jpg,8,8,0.1189883,0.016992085,0.0073330062,0.07394743,0.021920349,0.01486415,0.0020837947,0.054622505,0.68924838
20180112-072559-2.jpg,8,8,0.050812706,0.0060957079,0.031296887,0.095260389,0.10132108,0.0036915659,0.0049883677,0.043042559,0.66349071
20180112-072608-2.jpg,8,8,0.034236386,0.011279656,0.10229271,0.1098699,0.14635195,0.00774332,0.0201771,0.031557515,0.53649145
20180112-072618-2.jpg,8,8,0.051092278,0.0075026699,0.048695322,0.17278966,0.13770144,0.0088700559,0.0083371308,0.035503872,0.52950758
20180112-072647-2.jpg,8,8,0.061151925,0.0066470718,0.017414391,0.012860217,0.0061768522,0.024734911,0.0028878283,0.043677267,0.82444948
20180112-072742-1.jpg,8,8,0.026024856,0.0078975819,0.015972812,0.11519435,0.15143168,0.013547705,0.0042299451,0.032575354,0.63312572
20180112-072806-1.jpg,8,8,0.048313532,0.0078484332,0.0038832503,0.022121133,0.021382853,0.012955271,0.0056898394,0.027314497,0.85049117
20180112-072919-1.jpg,8,8,0.35269961,0.018102355,0.0011166641,0.0056330119,0.0018901536,0.025110953,0.0037936233,0.23552477,0.35612887
20180112-073045-1.jpg,8,8,0.076005459,0.026405558,0.0062876884,0.090602629,0.1289134,0.0088944724,0.0069547007,0.10538003,0.55055606
20180112-073106-1.jpg,8,8,0.14391352,0.022193609,0.0051652002,0.045989875,0.012623758,0.014946043,0.0070745791,0.15358365,0.59450978
20180112-073139-1.jpg,8,8,0.029550537,0.022392908,0.042340998,0.11033697,0.1678078,0.013817498,0.013806826,0.038752116,0.56119436
20180112-073147-2.jpg,8,4,0.023853024,0.0070923963,0.015761429,0.28654775,0.40778267,0.0037995933,0.0011732754,0.031514004,0.22247593
20180112-073200-1.jpg,8,8,0.058300488,0.070433199,0.034815989,0.024715547,0.013041716,0.055915639,0.12507236,0.06157333,0.55613172
20180112-073212-1.jpg,8,8,0.1577788,0.025563054,0.0096849641,0.063045733,0.056162357,0.020588165,0.0046188873,0.15494582,0.50761223
20180112-073214-2.jpg,8,2,0.0083759651,0.0039889324,0.41125515,0.079668298,0.20459542,0.004828556,0.011062391,0.015206112,0.2610192
20180112-073233-2.jpg,8,4,0.012531607,0.0033820369,0.053348258,0.10159776,0.60554671,0.0045104939,0.0063470975,0.014725169,0.1980108
20180112-073258-1.jpg,8,8,0.035554308,0.0038370481,0.014444904,0.043664489,0.032560166,0.012686797,0.012212799,0.018239053,0.82680041
20180112-073312-1.jpg,8,8,0.04978295,0.011051409,0.0075380984,0.25138748,0.085018158,0.0071162563,0.003092973,0.065788865,0.51922381
20180112-073335-1.jpg,8,8,0.022526899,0.0084163388,0.017405072,0.094899811,0.1488713,0.0061676926,0.0062406515,0.038548335,0.65692389
20180112-073426-1.jpg,8,8,0.021490492,0.0031355273,0.051026192,0.068036333,0.28712615,0.002411433,0.0057717669,0.0186598,0.54234231
20180112-073452-2.jpg,8,8,0.032315902,0.014685548,0.35302514,0.058642078,0.040832296,0.040088505,0.026064467,0.036382034,0.39796406
20180112-073501-1.jpg,8,8,0.05889108,0.029126184,0.087221898,0.022774827,0.013085584,0.017441519,0.086103082,0.041750766,0.64360505
20180112-073511-2.jpg,8,2,0.0094149336,0.0063793841,0.79080975,0.026338052,0.015109754,0.012713822,0.018418305,0.0069168857,0.11389913
20180112-073607-1.jpg,8,8,0.12956503,0.016924398,0.03351827,0.048039913,0.053321,0.026937643,0.0056562833,0.094741851,0.5912956
20180112-073712-1.jpg,8,8,0.061123528,0.0038713969,0.023003381,0.019262018,0.019343024,0.0043234294,0.0036398475,0.028550243,0.83688319
20180112-073746-1.jpg,8,8,0.21438237,0.040017072,0.0039873947,0.021375427,0.010747373,0.048246834,0.01846916,0.29321742,0.34955695
20180112-073804-1.jpg,8,8,0.039831739,0.011073418,0.014838841,0.1880579,0.15658215,0.0073021995,0.0063246069,0.048590142,0.527399
20180112-074059-1.jpg,8,8,0.1504074,0.042549584,0.010753942,0.021268871,0.021951256,0.025953792,0.024966471,0.13625737,0.56589127
20180112-074109-1.jpg,8,8,0.020976869,0.0055701942,0.013820886,0.040973339,0.054798402,0.0088957874,0.014067778,0.019563993,0.82133275
20180112-074135-1.jpg,8,8,0.32912236,0.011439473,0.003497248,0.0073042726,0.0036346728,0.045421243,0.0049805394,0.079266183,0.51533401
20180112-074345-1.jpg,8,8,0.040001091,0.012084287,0.022517228,0.14696346,0.21026781,0.009066944,0.0072233123,0.053957842,0.49791801
20180112-074411-1.jpg,8,8,0.11158286,0.015816271,0.032175764,0.11833698,0.042482644,0.059887167,0.013999032,0.065828815,0.53989047
20180112-074444-2.jpg,8,8,0.053410076,0.0074494923,0.081913061,0.067097194,0.051794179,0.012282179,0.0048530716,0.039228644,0.68197215
20180112-074454-2.jpg,8,8,0.049994975,0.0050713196,0.0038065428,0.030220365,0.017830255,0.0032042204,0.00065360608,0.032206804,0.85701197
20180112-074508-1.jpg,8,8,0.036268931,0.0063786646,0.079186685,0.048015479,0.062906913,0.015816649,0.015088668,0.022893811,0.71344417
20180112-074519-1.jpg,8,8,0.02451721,0.0046907878,0.015426149,0.10683428,0.14425343,0.0056239502,0.0053259465,0.023486447,0.66984183
20180112-074533-1.jpg,8,8,0.17417291,0.024202287,0.0065514445,0.034754496,0.016156539,0.029302821,0.0086856959,0.096373849,0.60979992
20180112-074615-2.jpg,8,8,0.052012417,0.0040547508,0.038560595,0.092758052,0.075551473,0.012124897,0.0072018635,0.028720139,0.68901587
20180112-074759-1.jpg,8,8,0.087392703,0.015674556,0.016284633,0.09060172,0.12218358,0.023614351,0.013401183,0.082514577,0.54833269
20180112-074810-1.jpg,8,8,0.039394084,0.0068460228,0.0035918693,0.065964505,0.049907349,0.0081456276,0.0032890083,0.018773478,0.804088
20180112-074838-2.jpg,8,4,0.024407327,0.0010521293,0.028542798,0.15541494,0.41126999,0.0032811339,0.0016936969,0.012190874,0.36214715
20180112-074953-2.jpg,8,8,0.029171063,0.0046924604,0.0015876939,0.025052603,0.010333003,0.0018250822,0.0011017518,0.011523895,0.91471243
20180112-075002-2.jpg,8,8,0.058766048,0.047808316,0.014594919,0.24313538,0.096792206,0.0067180395,0.0045162672,0.057294674,0.47037414
20180112-075118-2.jpg,8,8,0.015898613,0.0074421358,0.041275073,0.06790413,0.054592151,0.0042837169,0.011836039,0.025284868,0.7714833
20180112-075148-2.jpg,8,3,0.047455363,0.010656881,0.033052307,0.37902552,0.20441175,0.0082919681,0.0032916525,0.047334041,0.26648051
20180112-075315-2.jpg,8,8,0.018460283,0.0045003244,0.1626488,0.12964362,0.21032897,0.0064602173,0.015725195,0.027788961,0.42444366
20180112-075443-2.jpg,8,8,0.038636979,0.0069797756,0.024804601,0.15547273,0.20377594,0.005411895,0.0019805057,0.042559594,0.52037799
20180112-075634-2.jpg,8,8,0.025641046,0.0037183203,0.065039419,0.25554839,0.19605976,0.0030496428,0.0025591408,0.025485085,0.42289922
20180112-080040-2.jpg,8,8,0.055955701,0.0060737161,0.081954136,0.068358824,0.096458368,0.0046449509,0.003934843,0.058590841,0.62402862
20180112-080109-2.jpg,8,8,0.10121839,0.011479707,0.034475867,0.11938211,0.10744044,0.011565392,0.0031670153,0.063103236,0.54816782
20180112-080326-1.jpg,8,4,0.045271464,0.012966873,0.067340471,0.19840825,0.41299018,0.02191738,0.0070313523,0.040187903,0.1938861
20180112-080408-1.jpg,8,8,0.024921693,0.0037478036,0.00035353596,0.021627571,0.0034998914,0.0061282087,0.00033689014,0.009503603,0.9298808
20180112-080527-1.jpg,8,7,0.14689951,0.21222343,0.0094011817,0.017237343,0.016826859,0.020704832,0.094565935,0.27441379,0.20772712
20180112-080550-1.jpg,8,8,0.046762314,0.032530382,0.00081753021,0.0095448438,0.0012993743,0.01550791,0.0027513814,0.020724425,0.87006181
20180112-080638-1.jpg,8,8,0.27620301,0.031750925,0.0037354813,0.035147995,0.016301386,0.019780381,0.0028289061,0.25421056,0.36004135
20180112-080709-2.jpg,8,8,0.043523237,0.010226496,0.084235102,0.16999617,0.2704199,0.0094693564,0.014120864,0.055062149,0.34294677
20180112-080711-2.jpg,8,8,0.015734896,0.0044946112,0.0081329634,0.064431347,0.021678092,0.0028861659,0.0063039209,0.011771687,0.86456633
20180112-080753-1.jpg,8,8,0.026714778,0.014591671,0.096143857,0.076774962,0.29407707,0.0092000086,0.020047003,0.038590871,0.42385978
20180112-080802-1.jpg,8,8,0.04652945,0.0080234539,0.17760375,0.083936609,0.193745,0.0060318541,0.0070812064,0.048545092,0.42850354
20180112-080853-2.jpg,8,8,0.047007877,0.0083001312,0.02717541,0.24281308,0.17621844,0.0060670357,0.0023806607,0.03450077,0.4555366
20180112-080901-1.jpg,8,8,0.063340694,0.0058485959,0.0013505423,0.026839642,0.010001799,0.0078154188,0.00093294168,0.028621135,0.85524929
20180112-080913-1.jpg,8,8,0.02915474,0.0091442699,0.097300626,0.13545637,0.1440075,0.0065683923,0.0062776865,0.033570345,0.5385201
20180112-080923-1.jpg,8,8,0.024065159,0.004118314,0.034471516,0.05543045,0.048804667,0.0041459478,0.0094970232,0.011641202,0.80782574
20180112-081013-1.jpg,8,8,0.019243259,0.0034614701,0.015888581,0.060860731,0.09159819,0.0040375763,0.0039976849,0.014316301,0.78659618
20180112-081035-1.jpg,8,8,0.0080393124,0.0034077587,0.22107559,0.088882379,0.10719903,0.0089978725,0.022587743,0.0069123507,0.53289795
20180112-081040-2.jpg,8,8,0.018605471,0.0089938436,0.050217081,0.099730939,0.30175939,0.0043965108,0.018087717,0.023809312,0.47439978
20180112-081052-2.jpg,8,8,0.017210497,0.010603256,0.039451387,0.10538401,0.24375908,0.0042911377,0.017079413,0.022934061,0.53928721
20180112-081057-1.jpg,8,8,0.04685336,0.02516387,0.054331575,0.10923544,0.06719695,0.020617388,0.01912985,0.044118717,0.61335284
20180112-081104-2.jpg,8,4,0.0057392111,0.0032560786,0.1944533,0.099473938,0.50184679,0.0037169207,0.016610702,0.0069369269,0.1679662
20180112-081113-2.jpg,8,8,0.022225989,0.0072181798,0.049923755,0.17795403,0.22145756,0.0066389167,0.016583424,0.026814047,0.47118407
20180112-081125-2.jpg,8,8,0.021282623,0.012732832,0.096279234,0.19688232,0.28469875,0.0069951545,0.026465368,0.03065596,0.32400778
20180112-081158-2.jpg,8,8,0.01158668,0.0055481698,0.076956667,0.077755742,0.20477538,0.0066376622,0.0059582833,0.010155385,0.60062605
20180112-081306-1.jpg,8,8,0.0055883448,0.0011949684,0.00098672044,0.031199075,0.0096120564,0.0016208725,0.00093176082,0.0034326667,0.94543356
20180112-081330-1.jpg,8,8,0.026014537,0.010096854,0.027219603,0.10759173,0.091864608,0.022237189,0.019578358,0.015999321,0.67939776
20180112-081347-2.jpg,8,4,0.031080076,0.0038788714,0.01919286,0.26638404,0.33059025,0.003558947,0.0018651675,0.036013301,0.30743653
20180112-081429-1.jpg,8,8,0.038289998,0.0019243774,0.018043162,0.052978147,0.05361829,0.005475658,0.0059811603,0.011968592,0.81172061
20180112-081438-2.jpg,8,3,0.035078865,0.0060585737,0.034220237,0.35490659,0.22651726,0.0075620124,0.0051331557,0.029884189,0.30063912
20180112-081439-1.jpg,8,8,0.031969637,0.0042836601,0.067142315,0.02866119,0.015597263,0.0077287732,0.0033449107,0.01290366,0.8283686
20180112-081509-1.jpg,8,8,0.019026086,0.0011662297,0.0085497834,0.017929003,0.00811846,0.0042579696,0.0011491245,0.006451068,0.93335229
20180112-081557-2.jpg,8,8,0.044632491,0.0067393482,0.10538448,0.10801139,0.27655753,0.0042248946,0.01762829,0.026780168,0.41004142
20180112-081605-1.jpg,8,8,0.0068477523,0.00099878083,0.0053096167,0.1566128,0.07271304,0.00072732696,0.0011897879,0.0071842331,0.7484166
20180112-081607-2.jpg,8,8,0.029817782,0.0060365419,0.10909962,0.11979853,0.32408226,0.0075024813,0.023565389,0.022323523,0.3577739
20180112-081641-1.jpg,8,8,0.022799155,0.0028371389,0.011409903,0.13129927,0.059335601,0.003650615,0.003900521,0.011884703,0.75288308
20180112-081813-1.jpg,8,8,0.16938096,0.010854146,0.0079545742,0.039585672,0.014241943,0.040207356,0.0027677256,0.073335208,0.64167243
20180112-081826-1.jpg,8,8,0.06142031,0.012751025,0.0043406598,0.023587842,0.01155199,0.048827678,0.011168579,0.040371064,0.78598082
20180112-081919-2.jpg,8,8,0.028014233,0.01165416,0.11673131,0.0631667,0.32633832,0.01176524,0.032468673,0.02627158,0.3835898
20180112-081931-1.jpg,8,8,0.0337728,0.01342133,0.30241263,0.044317022,0.036805492,0.075304277,0.048975348,0.018689794,0.4263013
20180112-081952-1.jpg,8,8,0.042010181,0.01305789,0.022264402,0.061967064,0.050069053,0.020204043,0.0069520376,0.039143328,0.74433196
20180112-082015-1.jpg,8,8,0.064158656,0.023212757,0.033477254,0.095803507,0.18219252,0.012619774,0.011517165,0.080014557,0.49700379
20180112-082059-2.jpg,8,8,0.035402391,0.0076272846,0.11587947,0.070868775,0.33557716,0.013332761,0.014359923,0.026066178,0.38088602
20180112-082107-1.jpg,8,8,0.0283696,0.0091770217,0.022663634,0.1068578,0.19322619,0.0030406846,0.0058744191,0.046683185,0.58410746
20180112-082127-2.jpg,8,4,0.027596023,0.0097686416,0.061740629,0.11571641,0.48809543,0.016035704,0.010549111,0.032966699,0.23753132
20180112-082327-1.jpg,8,8,0.090548329,0.014994642,0.0082980962,0.049073517,0.050176248,0.01031548,0.0020160414,0.062561028,0.71201658
20180112-082405-1.jpg,8,8,0.075711675,0.019948373,0.0051315473,0.046238352,0.013837826,0.010255311,0.0056800744,0.073476918,0.74971992
20180112-082611-1.jpg,8,8,0.13431898,0.011091454,0.01525357,0.056108221,0.064779587,0.014303622,0.0036058116,0.097423106,0.60311568
20180112-082739-1.jpg,8,8,0.029424522,0.0050348327,0.010415089,0.23012547,0.052424531,0.0036088449,0.0027859812,0.015932441,0.65024823
20180112-082823-1.jpg,8,8,0.090483129,0.010828446,0.015362308,0.1574679,0.095672317,0.0046655717,0.003077758,0.068652608,0.55378997
20180112-082951-1.jpg,8,8,0.055729009,0.017191803,0.014192059,0.20219073,0.13795584,0.010519124,0.0038308804,0.035529487,0.52286112
20180112-083015-1.jpg,8,8,0.03840363,0.0039735902,0.001441439,0.033810917,0.011762962,0.0035846634,0.0011660089,0.027063616,0.87879318
20180112-083043-1.jpg,8,8,0.16932161,0.0055885073,0.0020913973,0.014548229,0.0039788294,0.01171145,0.0015392698,0.035285342,0.75593537
20180112-083153-1.jpg,8,8,0.040970445,0.0031067075,0.048352532,0.053983174,0.041707214,0.0081165936,0.0046673082,0.0258698,0.77322626
20180112-083203-1.jpg,8,8,0.015298282,0.0041974741,0.038283955,0.11293287,0.075044163,0.0024435911,0.0040290044,0.010335663,0.73743504
20180112-083213-1.jpg,8,8,0.17663588,0.011122486,0.0034712206,0.028933736,0.020696664,0.0078271171,0.0013496138,0.11641343,0.63354987
20180112-083317-1.jpg,8,8,0.038667586,0.016229676,0.17872594,0.057199467,0.033481024,0.024663538,0.019887453,0.029240536,0.60190481
20180112-083452-1.jpg,8,8,0.056809809,0.011178176,0.21584518,0.11581112,0.16724846,0.0069432533,0.0099966824,0.053098563,0.36306876
20180112-083613-1.jpg,8,8,0.10397809,0.027989624,0.012634668,0.14683868,0.10693807,0.010691218,0.0086608417,0.16162518,0.42064363
20180112-083633-1.jpg,8,8,0.19909424,0.021386413,0.021840347,0.057681233,0.051690068,0.01441078,0.0037206279,0.14494215,0.48523411
20180112-083728-1.jpg,8,8,0.011946338,0.0002243653,5.3181615e-05,0.0016419636,0.00035682149,0.0015870943,5.1590381e-05,0.0019379432,0.98220074
20180112-091133-2.jpg,8,8,0.034864869,0.0044289138,0.036207601,0.31501123,0.17037477,0.0044127475,0.0026677146,0.024506768,0.40752536
20180112-091209-2.jpg,8,8,0.17987745,0.00224114,0.022350539,0.032938365,0.031911936,0.0080850851,0.00084604463,0.053428423,0.66832101
20180112-091235-2.jpg,8,8,0.10698895,0.0018695393,0.0039756233,0.027585713,0.011724398,0.010078211,0.00054999907,0.033805151,0.80342239
20180112-091449-2.jpg,8,8,0.040528182,0.0045314804,0.023329549,0.053618163,0.025593026,0.0070724888,0.0059787114,0.017139466,0.82220894
20180112-091516-2.jpg,8,8,0.044091672,0.018772746,0.010572061,0.32218245,0.05848946,0.0073904265,0.0031055026,0.043129891,0.49226579
20180112-091602-1.jpg,8,8,0.0040776627,0.00083334179,0.014704201,0.032423306,0.036855973,0.0017821066,0.001004221,0.001749219,0.90656996
20180112-091651-1.jpg,8,8,0.028734203,0.0098317843,0.01071866,0.065923721,0.070715852,0.0092685251,0.0029133684,0.020856312,0.78103763
20180112-091719-2.jpg,8,8,0.076370485,0.0012360973,0.00063909567,0.0034438146,0.0014260649,0.011027433,0.00039205191,0.035417043,0.87004793
20180112-091744-1.jpg,8,8,0.1709637,0.028087437,0.00078388973,0.0068485215,0.0019713321,0.019052325,0.0026373137,0.096430406,0.6732251
20180112-091750-2.jpg,8,8,0.082364902,0.0097061237,0.00028346802,0.0017364754,0.00048048174,0.0096563697,0.002633299,0.036408972,0.85672998
20180112-091927-2.jpg,8,8,0.070856862,0.0060592825,0.021124694,0.077563047,0.036450833,0.004730924,0.0034921509,0.040189169,0.73953307
20180112-092142-2.jpg,8,8,0.077526338,0.0037836106,0.033456534,0.03813019,0.092417121,0.010454868,0.012889918,0.034668434,0.69667292
20180112-092143-1.jpg,8,8,0.16093858,0.0033671036,9.31791e-05,0.0078298738,0.0010786204,0.0081920717,0.00036663716,0.08174029,0.73639369
20180112-092211-2.jpg,8,8,0.031157872,0.0053324741,0.014494311,0.13665915,0.10358202,0.0074856919,0.0061810673,0.021118512,0.67398894
20180112-092320-1.jpg,8,8,0.011414456,0.0021521875,0.0020139618,0.013510897,0.0055756797,0.0019924098,0.00036286365,0.0098099271,0.95316762
20180112-092429-2.jpg,8,8,0.050257251,0.006571277,0.0055730357,0.02412018,0.010535809,0.015276724,0.0042729094,0.036539733,0.84685308
20180112-092459-2.jpg,8,8,0.046489645,0.002140396,0.005009342,0.0092249094,0.0076029007,0.004755374,0.0021065553,0.013810267,0.90886062
20180112-092613-2.jpg,8,8,0.027000586,0.0030515811,0.19806683,0.059558388,0.063635468,0.015429518,0.015400324,0.017018829,0.60083848
20180112-092647-1.jpg,8,8,0.024420802,0.00087316742,0.00085275137,0.010480667,0.0027257404,0.0028549419,0.00038195751,0.011585751,0.94582427
20180112-092705-2.jpg,8,8,0.019232811,0.00030160413,0.00031456942,0.0073476308,0.0017475353,0.00094885629,0.00012350088,0.0097697051,0.96021378
20180112-092803-1.jpg,8,8,0.018908737,0.0027367752,0.036262911,0.18106532,0.12777372,0.0029652333,0.0024007775,0.0177885,0.61009806
20180112-092854-1.jpg,8,8,0.016428186,0.019913834,0.048658807,0.056260958,0.033908322,0.0087175136,0.022769796,0.027506864,0.76583576
20180112-092918-2.jpg,8,8,0.023003677,0.00040872034,5.364676e-05,0.0023748395,0.00043089432,0.0016153145,0.00011443724,0.0067230803,0.96527541
20180112-093034-1.jpg,8,8,0.013391458,0.017616034,0.011681592,0.018014681,0.018740334,0.0034062124,0.0060132658,0.012940668,0.8981958
20180112-093043-2.jpg,8,8,0.084952183,0.012551596,0.0021553778,0.017614763,0.0049621244,0.013715578,0.0078633567,0.05182733,0.80435771
20180112-093133-1.jpg,8,8,0.0074380483,0.030317396,0.0004661179,0.0042252447,0.0010953455,0.0037934661,0.0085903052,0.0054606427,0.93861347
20180112-093157-1.jpg,8,8,0.0028745271,0.0058576353,0.00033166082,0.0071872538,0.0017516318,0.0012233178,0.003539948,0.0023787934,0.97485524
20180112-093223-1.jpg,8,8,0.036352679,0.00077910413,0.00144019,0.0033805727,0.0010597388,0.007150345,0.00056368863,0.0084162476,0.94085747
20180112-093228-2.jpg,8,8,0.058627032,0.020777399,0.0079544252,0.065794215,0.01759894,0.0044080215,0.041771162,0.031005373,0.75206345
20180112-093241-2.jpg,8,8,0.018579619,0.0096306801,0.021066254,0.17803945,0.089068048,0.0089439377,0.010074061,0.016925493,0.64767241
20180112-093250-2.jpg,8,8,0.19573866,0.040221959,0.0021854395,0.015992761,0.0040872316,0.0091508143,0.013978152,0.073987551,0.64465737
20180112-093306-1.jpg,8,8,0.011274707,0.00047325133,0.00049602863,0.004983176,0.00044536992,0.00061906717,0.00021695891,0.0045037391,0.97698772
20180112-093313-2.jpg,8,8,0.089585856,0.0095074549,0.0036579566,0.012894378,0.0058091818,0.023565017,0.0040246677,0.039514054,0.81144136
20180112-093511-1.jpg,8,8,0.035632018,0.022900755,0.00030278924,0.0020251847,0.00039522169,0.0064805602,0.0095065394,0.021729618,0.90102726
20180112-093521-1.jpg,8,8,0.0020351778,0.0013024629,0.0048547545,0.0021621024,0.00088495668,0.0014378914,0.0022572961,0.0015165985,0.98354882
20180112-093532-1.jpg,8,8,0.0061169281,0.0056502884,0.00054304779,0.0046775667,0.001633328,0.0029244511,0.005794175,0.0099889822,0.96267122
20180112-093539-2.jpg,8,8,0.034438204,0.0027287712,0.0016658833,0.0043352828,0.0016168931,0.036769841,0.0092614898,0.011427359,0.89775628
20180112-093646-1.jpg,8,8,0.035623956,0.0064523118,0.0002523796,0.0047919229,0.0012480549,0.029076675,0.0035121453,0.024666864,0.89437568
20180112-093704-2.jpg,8,8,0.040949583,0.0079014748,0.0013135184,0.005459799,0.0011443698,0.0070174169,0.011519637,0.025797691,0.89889646
20180112-093710-1.jpg,8,8,0.016719675,0.0044384538,0.0180752,0.02390698,0.018392328,0.010749113,0.011990188,0.014480654,0.8812474
20180112-093754-1.jpg,8,8,0.01235979,0.034686957,0.00088135002,0.0030196558,0.001121622,0.0032523179,0.12830628,0.0078199496,0.80855209
20180112-093823-2.jpg,8,8,0.08914043,0.077518724,0.0011995714,0.0059327697,0.0012078596,0.037343383,0.038552109,0.19733837,0.55176681
20180112-093841-2.jpg,8,8,0.17024486,0.1581112,0.00087720208,0.0026557429,0.00099272467,0.053137355,0.12286179,0.1733809,0.31773823
20180112-093856-2.jpg,8,8,0.066946231,0.046054367,0.0014944881,0.0025705448,0.0016442562,0.016326021,0.069406003,0.051971406,0.74358666
20180112-094012-1.jpg,8,8,0.055309374,0.010081633,0.0013519792,0.0048271492,0.001579124,0.060699973,0.019950092,0.060322627,0.785878
20180112-094022-1.jpg,8,8,0.032413248,0.0078316927,0.00089967117,0.0017658882,0.0015460864,0.015073799,0.058052618,0.03822723,0.84418976
20180112-094122-2.jpg,8,8,0.0095244749,0.0058028013,0.0003543045,0.0055393539,0.00077792793,0.0018560714,0.0051584467,0.0082456125,0.96274102
20180112-094123-2.jpg,8,8,0.011157628,0.0028854883,0.0056303418,0.0084538544,0.0080188308,0.0032625319,0.009403226,0.0094837993,0.94170433
20180112-094240-2.jpg,8,8,0.031732537,0.010049809,0.010383138,0.042887058,0.012106487,0.0050514224,0.0043123788,0.026346352,0.85713083
20180112-094259-2.jpg,8,8,0.044918474,0.03548263,0.0068165236,0.21458748,0.061873429,0.0086839674,0.012303389,0.062783167,0.55255091
20180112-094316-1.jpg,8,8,0.10325499,0.001355209,5.6724388e-05,0.00099426846,0.00010556941,0.008766639,0.00021060037,0.029455198,0.85580087
20180112-094430-1.jpg,8,8,0.00041881946,0.00014937769,0.00020823347,0.00042818839,0.00014817779,0.00052281091,0.0019990243,0.00031852079,0.99580681
20180112-094441-2.jpg,8,8,0.18792441,0.043317534,0.0037561574,0.020058274,0.0075384821,0.032136641,0.020232186,0.3294962,0.3555401
20180112-094522-2.jpg,8,1,0.058219232,0.5846948,0.0023912862,0.0055094971,0.0026843441,0.011034763,0.16012195,0.061448831,0.11389545
20180112-094541-1.jpg,8,8,0.002291013,0.0001998435,0.00013371934,0.00030759448,0.00023457821,0.0035497122,0.0050073764,0.00069071521,0.98758543
20180112-094652-2.jpg,8,8,0.067094214,0.01659511,0.0019605008,0.013443859,0.0039826054,0.007482613,0.0051734471,0.05075397,0.83351362
20180112-094802-1.jpg,8,8,0.010382853,0.01147585,0.010519026,0.03090653,0.027487662,0.003021878,0.010084581,0.014393006,0.88172859
20180112-094830-2.jpg,8,8,0.080624841,0.14470649,0.001103945,0.008543334,0.0018743185,0.02619756,0.034448802,0.10954419,0.59295654
20180112-094910-2.jpg,8,8,0.017082535,0.0021612013,0.00035486411,0.0022484267,0.00064488238,0.0053602592,0.0059878901,0.010047122,0.95611286
20180112-095026-2.jpg,8,8,0.061075926,0.0046366793,0.057281323,0.063983433,0.056187734,0.012342225,0.014466733,0.045049082,0.68497688
20180112-095053-2.jpg,8,8,0.090556361,0.068748727,0.0014750352,0.017860532,0.0042165662,0.0435206,0.021033026,0.18163601,0.57095319
20180112-100544-1.jpg,8,8,0.00898189,0.001709725,0.00019011386,0.0014323591,0.00031230081,0.0034087461,0.0019539399,0.0039566662,0.97805423
20180112-100555-2.jpg,8,8,0.017121289,0.0057811993,0.016665103,0.033916697,0.016483881,0.0018341104,0.0018111144,0.010208424,0.89617819
20180112-100603-2.jpg,8,8,0.017401224,0.0026836905,0.0025706633,0.022353662,0.012578354,0.0031999093,0.0024793795,0.006688531,0.93004459
20180112-100624-1.jpg,8,8,0.00088121113,8.0857804e-05,0.00022788325,0.00023253659,5.9893839e-05,0.00048906979,0.00073319348,0.0003066902,0.99698871
20180112-100649-2.jpg,8,8,0.096636005,0.042309389,0.0020708481,0.01124199,0.0034648464,0.0081780944,0.0037193957,0.051372096,0.78100735
20180112-100745-2.jpg,8,8,0.014603529,0.0046617673,0.0019197917,0.0061722579,0.0015494585,0.0028372963,0.0012130645,0.0041658017,0.96287704
20180112-100850-2.jpg,8,8,0.00957256,0.035143189,0.0057021594,0.0021196592,0.0005780491,0.03406819,0.059005216,0.0077485745,0.84606242
20180112-100938-1.jpg,8,8,0.028830972,0.04472708,0.0036010216,0.002756783,0.00088471535,0.031463351,0.11056891,0.014213714,0.76295346
20180112-100939-2.jpg,8,8,0.0014822994,0.00023429876,0.0002010254,0.0019160924,0.0003689749,0.00022751241,0.00010393553,0.0002419816,0.99522394
20180112-100952-2.jpg,8,8,0.01313162,0.0018478981,0.00036319668,0.0032417648,0.00034309967,0.00095914659,0.00023687689,0.0040925513,0.97578388
20180112-101035-2.jpg,8,8,0.085222252,0.32024765,0.0035546205,0.016066277,0.0043040272,0.022754807,0.075179256,0.071876377,0.4007948
20180112-101223-2.jpg,8,8,0.12403384,0.0930489,0.033738524,0.02781081,0.013471599,0.042832196,0.016426057,0.14332996,0.50530815
20180112-101305-2.jpg,8,8,0.041183125,0.021764856,0.005285325,0.006162426,0.001895958,0.016186601,0.13692987,0.052235052,0.71835673
20180112-101316-2.jpg,8,8,0.010334373,0.0017568994,0.00030651697,0.0014614637,0.00021174323,0.0027951854,0.0073483684,0.0091560613,0.96662939
20180112-101322-1.jpg,8,8,0.043544084,0.065407887,0.0064865015,0.083418936,0.025164897,0.023297254,0.0075613139,0.028648686,0.71647048
20180112-101334-1.jpg,8,8,0.016562659,0.0045523243,0.017618211,0.023641782,0.016089438,0.0038778037,0.0055074114,0.0086531807,0.90349716
20180112-101411-1.jpg,8,8,0.053198434,0.039475016,0.00036643687,0.0077126594,0.0017598292,0.015371284,0.0025552744,0.019409686,0.86015135
20180112-101437-1.jpg,8,1,0.094902039,0.30260295,0.010913588,0.050201703,0.020764271,0.012918171,0.033731647,0.23840152,0.23556405
20180112-101525-2.jpg,8,8,0.0067682788,0.0026049209,0.0016708039,0.014126668,0.0034568524,0.0076574944,0.0037960887,0.0062718731,0.95364702
20180112-101551-1.jpg,8,8,0.086549029,0.037389968,0.0013545776,0.0044174297,0.00078006706,0.018153135,0.020705804,0.06102632,0.7696237
20180112-101632-1.jpg,8,8,0.0074965656,0.0045550698,0.00039130278,0.00029824427,7.7698482e-05,0.069530629,0.026970753,0.0059147985,0.88476485
20180112-101636-2.jpg,8,8,0.019154448,0.0006530878,0.00047528715,0.0076838038,0.00098765688,0.0084386095,0.00062429038,0.0077302926,0.95425254
20180112-101736-1.jpg,8,8,0.063202158,0.015577952,0.00027560908,0.0018082515,0.00032546232,0.2068834,0.021502011,0.066277482,0.62414765
20180112-101743-2.jpg,8,8,0.016711894,0.00078103854,0.00043054527,0.0052736802,0.00079412718,0.0013377633,0.00052938482,0.0059049479,0.96823657
20180112-101842-1.jpg,8,8,0.01797306,0.02734915,0.0027917048,0.010992897,0.0031155187,0.012438149,0.0071484991,0.018538307,0.89965266
20180112-102236-1.jpg,8,8,0.0049891323,0.0024725026,0.00019365935,0.00085822184,0.00016616538,0.0051488644,0.0020492452,0.0029990803,0.98112315
20180112-102258-2.jpg,8,8,0.049657904,0.030605953,0.0190538,0.0086351717,0.0067293653,0.041214567,0.082205474,0.059329338,0.70256841
20180112-102259-2.jpg,8,8,0.010356648,0.017225759,0.036605354,0.0068226564,0.0057938569,0.01152019,0.078946337,0.012974468,0.81975478
20180112-102338-1.jpg,8,8,0.0023744965,0.00072319939,7.4717951e-05,0.00056724373,0.000281999,0.0033842027,0.0015132854,0.00064330234,0.99043757
20180112-102419-2.jpg,8,8,0.0038912981,0.0028435534,0.0065093432,0.0014528312,0.00078854192,0.004315895,0.020325864,0.002423008,0.95744967
20180112-102500-2.jpg,8,8,0.021757523,0.013985525,0.0051094149,0.002324594,0.0020409212,0.017046724,0.060095452,0.029986143,0.84765369
20180112-102519-1.jpg,8,8,0.0027912785,0.0035980607,0.28996158,0.0048885141,0.0030920014,0.0016292271,0.014074731,0.0026124029,0.67735219
20180112-102540-1.jpg,8,8,0.018225774,0.046983611,0.00098404509,0.0017970358,0.0006369811,0.0054168655,0.07496269,0.015585367,0.83540761
20180112-102723-2.jpg,8,8,0.096045546,0.049122877,0.0025743169,0.030295311,0.0063522262,0.023136443,0.003194731,0.079983197,0.70929533
20180112-102828-2.jpg,8,8,0.0094785579,0.0030083889,0.0074814307,0.00249789,0.0012184365,0.010862064,0.024066595,0.0047734277,0.93661326
20180112-102908-2.jpg,8,8,0.002423007,0.0014584437,0.016497107,0.0032453872,0.002309558,0.0032993883,0.012820758,0.0021999551,0.95574641
20180112-102916-1.jpg,8,8,0.015439893,0.0022038007,0.0046707373,0.011747211,0.0048548575,0.0052380534,0.0008869142,0.0054205502,0.94953799
20180112-102917-2.jpg,8,8,0.0062785172,0.023190109,0.013456822,0.024399286,0.0092833443,0.016761459,0.0585021,0.010651778,0.83747661
20180112-103044-1.jpg,8,8,0.0050800727,0.0023404968,0.00067146833,0.011367185,0.0028993657,0.0019295105,0.00070143281,0.0037267781,0.97128367
20180112-103053-1.jpg,8,8,0.019092288,0.010585288,0.00098998763,0.01692309,0.0021118249,0.0041691214,0.0062438548,0.011885989,0.9279986
20180112-103123-1.jpg,8,8,0.031591136,0.017214859,0.0064336252,0.030988676,0.011518942,0.011848734,0.0061358176,0.024170151,0.86009806
20180112-103132-1.jpg,8,8,0.034052551,0.0021995567,0.00044698981,0.005797965,0.0008959102,0.0081548896,0.00061709923,0.017207129,0.93062788
20180112-103136-2.jpg,8,8,0.012351049,0.011308388,0.34596598,0.016077574,0.014455161,0.019027716,0.061158869,0.015027951,0.50462735
20180112-103220-1.jpg,8,8,0.033474702,0.0088700727,0.011927621,0.034173619,0.024516758,0.0049842722,0.0085484907,0.031570651,0.84193385
20180112-103228-2.jpg,8,8,0.0086270161,0.0026466679,0.041512344,0.0019715438,0.0012890258,0.015071547,0.036376335,0.0051410953,0.88736439
20180112-103239-2.jpg,8,8,0.0018645432,0.0022152422,0.013770035,0.0024915214,0.0007339142,0.0065979753,0.009582079,0.0023355151,0.9604091
20180112-103345-2.jpg,8,8,0.016266998,0.0047342815,0.038690139,0.0059548323,0.0015757772,0.02796733,0.015920775,0.0073257154,0.88156414
20180112-103541-2.jpg,8,8,0.0057906653,0.0057253363,0.01627728,0.0025358582,0.0012605167,0.0064566522,0.018195042,0.0074418667,0.93631679
20180112-103542-2.jpg,8,8,0.0017930923,0.0032063029,0.10482745,0.010666374,0.0085865762,0.0024272643,0.025998481,0.0015697442,0.84092468
20180112-103640-1.jpg,8,8,0.040591415,0.010660865,0.030016646,0.040535785,0.018688502,0.01597118,0.0098186834,0.050103195,0.78361368
20180112-103709-1.jpg,8,8,0.0134657,0.0025744271,0.0001004189,0.0018377856,0.00016547769,0.0044931895,0.000949724,0.004252519,0.97216076
20180112-103925-2.jpg,8,8,0.016987639,0.003321219,0.0029251925,0.0090989172,0.0026905248,0.012776771,0.0078658629,0.017515263,0.92681855
20180112-104257-2.jpg,8,8,0.026642967,0.0024755609,0.025085289,0.041957021,0.12352414,0.0095092542,0.004620112,0.014457257,0.75172842
20180119-104336-1.jpg,8,8,0.0096977903,0.01296532,0.054031789,0.044857487,0.040998016,0.031058496,0.04318006,0.016434304,0.74677682
20180119-104440-1.jpg,8,8,0.098178096,0.096717656,0.032595709,0.02577671,0.017678993,0.014168237,0.041872405,0.080439739,0.59257239
20180119-104711-2.jpg,8,8,0.0043806494,0.001419051,0.068267763,0.061676253,0.069058873,0.0025340889,0.0049932185,0.0035726021,0.78409755
20180119-104724-1.jpg,8,8,0.017643794,0.052368626,0.0663452,0.056031875,0.026126029,0.0081174849,0.14566354,0.027513094,0.60019034
20180119-104748-2.jpg,8,8,0.0062456708,0.0028967264,0.017564584,0.078526787,0.076321222,0.0051908586,0.011182524,0.0083098216,0.79376179
20180119-104803-2.jpg,8,8,0.0063426108,0.013359164,0.15478791,0.043777958,0.050754741,0.0053550652,0.043484382,0.014262358,0.66787577
20180119-104839-1.jpg,8,8,0.0094526485,0.008519059,0.035560377,0.097308137,0.09357819,0.004011407,0.0068217199,0.014796657,0.7299518
20180119-104845-2.jpg,8,8,0.0035785651,0.0041715153,0.014229844,0.015244239,0.0084117064,0.0026002962,0.0067043602,0.0051821312,0.93987733
20180119-104920-2.jpg,8,8,0.01355633,0.014582135,0.0066483403,0.027574496,0.010834561,0.0046973797,0.0098299878,0.013059928,0.89921689
20180119-105020-1.jpg,8,8,0.040154725,0.016407108,0.0026560826,0.017329417,0.0037401889,0.025271574,0.0038173357,0.032190476,0.85843307
20180119-105157-2.jpg,8,8,0.025975836,0.018899083,0.026150718,0.044919666,0.02795738,0.0066528362,0.026395291,0.027258746,0.79579049
20180119-105220-1.jpg,8,8,0.00095550914,0.00097232894,0.00058094395,0.00033193891,0.00026146838,0.001811492,0.014823418,0.00052092562,0.97974199
20180119-105259-1.jpg,8,8,0.00036370481,7.877461e-05,2.2907303e-05,0.00022539869,2.5713282e-05,0.0054063709,0.00012193523,7.4717362e-05,0.99368048
20180119-105309-1.jpg,8,8,0.093667082,0.06468711,0.0008847203,0.001708344,0.00067541888,0.20029189,0.19846714,0.013847076,0.42577124
20180119-105336-1.jpg,8,8,0.010555538,0.0038604108,0.00011453977,0.00093694072,0.00018076916,0.0058311308,0.0034945756,0.004503144,0.97052288
20180119-105357-1.jpg,8,8,0.026332324,0.050218396,0.00028887109,0.0019857646,0.00055244408,0.10376014,0.025098335,0.010373265,0.78139049
20180119-105410-2.jpg,8,8,0.0052185012,0.0024228496,0.082936823,0.032575008,0.069498718,0.0021294812,0.011532135,0.005632462,0.78805399
20180119-105416-1.jpg,8,8,0.0018419294,0.0019558093,0.0049244212,0.0027307118,0.0024712007,0.0042908788,0.01122441,0.0012464181,0.96931422
20180119-105426-1.jpg,8,8,0.0024189213,0.004447578,6.9801601e-05,0.00082559272,8.2848615e-05,0.0064096749,0.005891527,0.00122768,0.97862637
20180119-105746-1.jpg,8,8,0.015936317,0.039210703,0.0044238362,0.0017367896,0.00060287857,0.022288548,0.044912226,0.0085974084,0.86229134
20180119-105825-2.jpg,8,8,0.023551784,0.017379884,0.046111785,0.058973964,0.10087267,0.0073076081,0.016176581,0.020352712,0.70927298
20180119-105834-1.jpg,8,8,0.0089994781,0.0056923106,0.0068314378,0.011505344,0.011439,0.006975539,0.028796438,0.0080969585,0.91166353
20180119-105929-2.jpg,8,8,0.0063485955,0.0027166486,0.3010827,0.014910949,0.030025454,0.0073184888,0.032645874,0.0053140088,0.59963727
20180119-105952-2.jpg,8,8,0.02979688,0.029273272,0.05571837,0.025264973,0.040096551,0.011722363,0.040708687,0.030866714,0.73655224
20180119-110000-2.jpg,8,8,0.013208982,0.016621571,0.029669944,0.052272961,0.053849585,0.0096259732,0.023395387,0.010717902,0.79063767
20180119-110042-1.jpg,8,8,0.17114936,0.064309493,0.0029405055,0.009623779,0.0053385803,0.012347625,0.059269495,0.081165731,0.59385544
20180119-110058-2.jpg,8,8,0.0030954201,0.0024311841,0.0025509226,0.037109628,0.0097745322,0.0050673466,0.0057014418,0.0056151426,0.92865443
20180119-110105-1.jpg,8,8,0.0023795536,0.006293973,0.0010751557,0.0057236273,0.0013088632,0.002673133,0.0071843453,0.0026081111,0.97075325
20180119-110108-2.jpg,8,8,0.0092553524,0.0090320027,0.036804661,0.034957062,0.012866491,0.014702545,0.007493658,0.0093522556,0.86553603
20180119-110115-1.jpg,8,8,0.014030049,0.012196173,0.13715088,0.028670505,0.03324046,0.015877293,0.033342388,0.015550165,0.7099421
20180119-110124-1.jpg,8,8,0.0056819911,0.0046053287,0.0021758263,0.0034373561,0.0035100118,0.0038114684,0.004386141,0.0029409158,0.96945101
20180119-110143-1.jpg,8,8,0.041319959,0.021910282,0.0027934469,0.011122321,0.0040646512,0.062679328,0.023503194,0.037583254,0.7950235
20180119-110152-1.jpg,8,8,0.0042722747,0.0071872347,0.0021682812,0.012871952,0.0075466931,0.0008397894,0.001368581,0.002422316,0.96132284
20180119-110227-1.jpg,8,8,0.0067679072,0.010646285,0.015645273,0.0036421753,0.0015513678,0.024494678,0.053690437,0.0076618399,0.87589997
20180119-110236-1.jpg,8,8,0.023216095,0.030427584,0.018444123,0.036489706,0.020728536,0.018820828,0.044440631,0.047911368,0.75952107
20180119-110337-1.jpg,8,8,0.014489725,0.049720995,0.0054113255,0.0095751286,0.002601586,0.013310989,0.12605464,0.010719961,0.76811564
20180119-110347-1.jpg,8,8,0.0018237535,0.0013817422,0.0029965371,0.0024515847,0.0011019014,0.0015256266,0.01352849,0.0017444957,0.97344583
20180119-110348-2.jpg,8,8,0.011832702,0.016458226,0.0590645,0.078889035,0.083725013,0.0055580824,0.020304158,0.027574213,0.69659412
20180119-110445-1.jpg,8,8,0.0052034147,0.0019516257,9.6621872e-05,0.0011874124,0.00021988717,0.040820673,0.0036068356,0.0028503428,0.94406325
20180119-110455-2.jpg,8,8,0.018134756,0.038654987,0.01415504,0.027644746,0.031427771,0.015258213,0.034150969,0.022346795,0.79822677
20180119-110456-2.jpg,8,8,0.0034746046,0.0005135652,0.00016028693,0.00073336385,0.00023317228,0.002622738,0.0016762248,0.0011685496,0.98941749
20180119-110526-2.jpg,8,2,0.0028198729,0.0030465419,0.52415961,0.044225737,0.041522246,0.0044904347,0.011413813,0.0029947609,0.36532694
20180119-110540-1.jpg,8,8,0.01682562,0.024616005,0.017969536,0.01162202,0.0071399421,0.0097016189,0.053951267,0.022751622,0.8354224
20180119-110559-2.jpg,8,8,0.059459757,0.022334632,0.043593507,0.029112881,0.015398841,0.054195371,0.026538281,0.067209832,0.68215692
20180119-110612-1.jpg,8,8,0.0067324294,0.0023430781,0.0034991226,0.01633021,0.012140744,0.0020222189,0.002457106,0.0078439964,0.94663107
20180119-110622-1.jpg,8,8,0.01020191,0.05383952,0.0077145179,0.0094132889,0.0045075696,0.012019829,0.063043416,0.01382326,0.82543671
20180119-110709-1.jpg,8,8,0.016225036,0.011795407,0.011077039,0.058804229,0.018350828,0.050276373,0.019655496,0.021898115,0.7919175
20180119-110729-1.jpg,8,8,0.07495679,0.033880256,0.0035144209,0.004784252,0.0028209686,0.043319937,0.019296547,0.070645154,0.74678165
20180119-110900-2.jpg,8,8,0.00555888,0.02745741,0.040134311,0.04277401,0.021118393,0.013744367,0.036774322,0.0088813659,0.80355692
20180119-110901-2.jpg,8,8,0.0064681289,0.0052294056,0.0026873769,0.0063623316,0.002133471,0.0051683676,0.0079844687,0.003879155,0.9600873
20180119-111006-2.jpg,8,8,0.031164791,0.024375491,0.0047810827,0.029606085,0.01327871,0.0078592654,0.012071145,0.034454461,0.84240896
20180119-111113-1.jpg,8,8,0.035718575,0.17834488,0.0033075758,0.0068097301,0.0023099682,0.024493953,0.084975637,0.041384958,0.6226548
20180119-111123-2.jpg,8,8,0.0438742,0.016962262,0.015568103,0.052927867,0.046060983,0.017914275,0.013573311,0.042038985,0.75107998
20180119-111132-1.jpg,8,8,0.039754827,0.041755203,0.012316882,0.0071649146,0.0042190291,0.014747333,0.038959887,0.025951676,0.81513023
20180119-111225-2.jpg,8,8,0.0086605493,0.0018063308,0.0051809731,0.0033268181,0.005327533,0.00073571893,0.0044875448,0.0044704624,0.96600401
20180119-111227-1.jpg,8,8,0.0018712721,0.0012665743,0.00041700358,0.0047896751,0.0012363836,0.00049458572,0.00047579955,0.0019284902,0.98752022
20180119-111243-2.jpg,8,8,0.0062898393,0.0024841437,0.097806759,0.010066032,0.0052537913,0.009600807,0.016588306,0.0050571864,0.84685314
20180119-111316-2.jpg,8,8,0.0092851222,0.013303413,0.011206124,0.016585436,0.016181538,0.0021672947,0.015940037,0.0089917155,0.90633929
20180119-111351-2.jpg,8,8,0.014054804,0.01520832,0.021486834,0.026400886,0.0081690392,0.028990246,0.016375914,0.014292005,0.85502189
20180119-112837-2.jpg,8,8,0.019822912,0.02005757,0.041402247,0.15174612,0.09332893,0.011221171,0.0086203823,0.040545661,0.61325496
20180119-113010-1.jpg,8,8,0.015045834,0.036235973,0.00020773766,0.0027072856,0.00037229422,0.1022106,0.016086845,0.020996463,0.80613697
20180119-113100-1.jpg,8,8,0.0058301152,0.0061968225,0.16962512,0.0095486352,0.014758547,0.0044519971,0.021755325,0.0046744272,0.76315904
20180119-113105-2.jpg,8,8,0.0051052575,0.0024034663,0.12369995,0.13252522,0.10599572,0.0034893809,0.0029831659,0.0066798721,0.61711794
20180119-113106-2.jpg,8,8,0.011644465,0.0062656803,0.20312388,0.10066953,0.063941211,0.005667252,0.012120343,0.018127475,0.57844019
20180119-113141-1.jpg,8,8,0.020978272,0.01147525,0.0025205426,0.011740994,0.0043320898,0.082497142,0.01155274,0.011183533,0.84371942
20180119-113158-1.jpg,8,8,0.063944228,0.023494158,0.0055439877,0.020314382,0.010126889,0.063118972,0.011519477,0.10381772,0.69812018
20180119-113201-2.jpg,8,8,0.013370831,0.010060667,0.021785242,0.068817995,0.064226136,0.0078974841,0.0045442614,0.017989038,0.79130834
20180119-113224-2.jpg,8,8,0.0016550396,0.0015565358,0.0013962745,0.0026095049,0.0008703366,0.0032558378,0.010429274,0.00053815986,0.97768903
20180119-113249-1.jpg,8,8,0.047272455,0.025722386,0.0082117785,0.02473334,0.0054091914,0.10286932,0.016093334,0.10285688,0.66683125
20180119-113326-2.jpg,8,8,0.0159699,0.0095133316,0.0035680491,0.014368861,0.01511674,0.0040239613,0.0094740978,0.020506011,0.90745908
20180119-113346-1.jpg,8,8,0.019535527,0.089700527,0.0092398701,0.020679679,0.0069228322,0.057372142,0.035567664,0.012455746,0.74852598
20180119-113418-2.jpg,8,8,0.0014042902,0.00040948793,0.00027513749,0.0028681196,0.00077893684,0.00023535576,0.00018122028,0.00098991906,0.99285758
20180119-113517-2.jpg,8,8,0.016024182,0.016887294,0.00073970197,0.02268514,0.0032088133,0.030167256,0.0015168627,0.0092279706,0.89954281
20180119-113625-1.jpg,8,8,0.014036972,0.010828342,0.0043279775,0.0097485632,0.0068229344,0.004642149,0.0057222056,0.008907143,0.93496364
20180119-113715-2.jpg,8,8,0.032015808,0.028639087,0.0093292641,0.03724188,0.026374334,0.043549452,0.012930895,0.066079691,0.74383962
20180119-113724-2.jpg,8,8,0.01912001,0.011925415,0.001076633,0.010627481,0.001367118,0.0080070402,0.0052767368,0.0091525791,0.933447
20180119-113736-2.jpg,8,8,0.0074013737,0.0067735123,0.00091342872,0.015014386,0.0025350987,0.0031596965,0.0028987485,0.008365606,0.9529382
20180119-113742-1.jpg,8,8,0.037741885,0.036605466,0.01147865,0.036364157,0.023600148,0.0088894945,0.016735706,0.06900657,0.75957793
20180119-113746-2.jpg,8,8,0.021993464,0.046611361,0.0028769327,0.023628397,0.0047482322,0.014494439,0.010005669,0.021352451,0.85428911
20180119-113819-2.jpg,8,8,0.046277124,0.046066213,0.0013944207,0.011851111,0.001970242,0.10223432,0.0026223052,0.050999954,0.73658431
20180119-113829-1.jpg,8,8,0.01167549,0.026504036,0.039056294,0.030046958,0.024183517,0.014542464,0.060335722,0.020450545,0.77320492
20180119-113900-2.jpg,8,8,0.028490761,0.1323034,0.013244993,0.052856572,0.014338322,0.022443691,0.01818396,0.041657336,0.67648101
20180119-113908-2.jpg,8,8,0.0091846185,0.019291354,0.001464878,0.014452989,0.002378497,0.091430895,0.014107231,0.0080497256,0.83963984
20180119-113909-1.jpg,8,8,0.015412846,0.070811659,0.021172481,0.029052299,0.014589394,0.01146563,0.1294577,0.021978913,0.68605912
20180119-113936-1.jpg,8,8,0.016712306,0.020034777,0.034712747,0.039141327,0.030507447,0.011145355,0.015727483,0.015835866,0.81618267
20180119-113953-2.jpg,8,8,0.0022004675,0.0031473266,5.2269101e-05,0.0016415784,0.00015087699,0.00093946035,0.0002078135,0.00094669277,0.99071348
20180119-114117-1.jpg,8,8,0.00083588535,0.00015307628,0.012036043,0.0037284198,0.006146146,0.00044926963,0.0028956381,0.00047231597,0.97328317
20180119-114127-1.jpg,8,8,0.023397673,0.03900177,0.091683112,0.075409405,0.083159626,0.0065500266,0.059560582,0.030114237,0.59112358
20180119-114151-2.jpg,8,8,0.015669677,0.016803969,0.0036180969,0.01142539,0.010838538,0.0070435014,0.0093453992,0.015384803,0.90987068
20180119-114307-2.jpg,8,8,0.014942642,0.0066332491,0.002889066,0.034101434,0.0065519349,0.0028877549,0.0029145253,0.0096418271,0.91943753
20180119-114412-1.jpg,8,8,0.017233239,0.016657099,0.0013627448,0.0034413049,0.0018970537,0.0076064439,0.038832214,0.010711048,0.90225881
20180119-114426-2.jpg,8,8,0.028358668,0.024811989,0.01647534,0.022587555,0.0067229983,0.048657846,0.020196814,0.047970433,0.78421837
20180119-114524-1.jpg,8,8,0.0040891487,0.0023511092,0.011803457,0.011344726,0.0074216141,0.0014071217,0.015339626,0.0038000364,0.94244313
20180119-114600-1.jpg,8,8,0.0055664349,0.016794447,0.0020938853,0.017085083,0.0070474991,0.0018386332,0.011644062,0.0037891616,0.9341408
20180119-114710-2.jpg,8,8,0.0087123495,0.024135629,0.00039130097,0.011530513,0.0022279685,0.023067581,0.0039599529,0.013312216,0.91266251
20180119-114810-1.jpg,8,8,0.035474069,0.016641064,0.0030891364,0.00538419,0.0012186782,0.023881098,0.015841186,0.031298574,0.86717194
20180119-114849-1.jpg,8,8,0.0016967078,0.0023556836,5.5853514e-05,0.0012406077,0.0002021917,0.0011250095,0.0015050659,0.00058176339,0.99123716
20180119-114919-2.jpg,8,8,0.028732976,0.030789927,0.0014547601,0.007180823,0.001099507,0.17528814,0.0047553773,0.026870945,0.72382754
20180119-115013-2.jpg,8,8,0.031913448,0.0077307918,0.0031050842,0.01368627,0.0051993881,0.0064212112,0.0043935198,0.02018038,0.90736997
20180119-115103-1.jpg,8,8,0.02619965,0.013959568,0.005422642,0.017200965,0.0066349972,0.009896866,0.042405348,0.014509875,0.86377013
20180119-115120-1.jpg,8,8,0.01652278,0.018927492,0.012496546,0.018979793,0.0083805276,0.016153581,0.039541729,0.013155144,0.85584241
20180119-115131-1.jpg,8,8,0.037174836,0.017538704,0.0072382977,0.019239541,0.0083657,0.019213127,0.011204166,0.034310494,0.84571517
20180119-115218-1.jpg,8,6,0.015518147,0.049768347,0.044580352,0.013394691,0.011963897,0.0064038583,0.68270934,0.014877826,0.16078357
20180119-115236-1.jpg,8,8,0.011755863,0.017764943,0.018802246,0.031856265,0.013608024,0.0063895984,0.048088405,0.013451023,0.83828366
20180119-115301-2.jpg,8,8,0.026971828,0.054155041,0.0058641867,0.04874476,0.01169136,0.02658543,0.0081398785,0.036173183,0.78167427
20180119-115313-2.jpg,8,8,0.034194741,0.01262234,0.0011395995,0.0088069951,0.0014034574,0.1936608,0.001933903,0.014100683,0.7321375
20180119-115329-1.jpg,8,8,0.0073394743,0.002371656,0.037153326,0.034727052,0.027779676,0.0034184905,0.0087709781,0.0073832492,0.87105608
20180119-115339-2.jpg,8,8,0.051440649,0.034417074,0.012167486,0.099228747,0.037034649,0.031580403,0.0098490966,0.03914959,0.68513232
20180119-115409-2.jpg,8,8,0.01189129,0.012890121,0.0017991381,0.016821897,0.0032484985,0.063908793,0.0043612351,0.0093148788,0.87576407
20180119-115439-1.jpg,8,6,0.0070466874,0.043435402,0.008292146,0.004379842,0.0018966208,0.0055039809,0.64423674,0.0060630115,0.27914566
20180119-115524-1.jpg,8,8,0.007788999,0.0041507347,0.092275329,0.03254468,0.026290756,0.019976484,0.020897886,0.0062549482,0.78982013
20180119-115546-1.jpg,8,8,0.010544795,0.010018017,0.33667278,0.058650803,0.054567542,0.01330485,0.021173593,0.011188195,0.48387936
20180119-115551-2.jpg,8,8,0.0036612593,0.0022745226,0.0026562703,0.0107443,0.0023542205,0.30547738,0.01507977,0.0039366754,0.65381557
20180119-115659-2.jpg,8,8,0.030796742,0.033479832,0.025053035,0.045493167,0.022591539,0.17251949,0.014207773,0.039226614,0.61663175
20180125-091003-1.jpg,8,8,0.0012090048,0.000100388,2.9939023e-05,0.00015005846,4.4880278e-05,0.00038821559,0.00031615386,0.00011151101,0.99764985
20180125-091041-1.jpg,8,8,0.0019374088,0.00017385652,0.00011726121,0.00036984083,0.00010034225,0.00085273193,0.00094734575,0.00058095279,0.99492019
20180125-091225-1.jpg,8,8,9.7377604e-05,3.2446344e-05,7.5047639e-05,0.00096863933,0.00027898978,6.2680665e-05,0.00022338176,1.7143051e-05,0.99824429
20180125-091231-2.jpg,8,8,0.0004515546,0.00039681929,0.00016473974,0.0025364812,0.00057871983,0.00033844658,0.00072705437,0.00018777604,0.99461848
20180125-091303-2.jpg,8,8,0.00023800397,2.9487899e-05,1.6416854e-05,0.00023979243,0.0001005286,9.3525203e-05,0.00029708704,3.1443484e-05,0.9989537
20180125-091331-1.jpg,8,8,6.896798e-05,1.2120296e-05,5.0734783e-05,8.3986597e-05,3.8303271e-05,4.2571512e-05,0.0004036866,6.9481498e-06,0.99929261
20180125-091340-2.jpg,8,8,0.0022618771,0.00026188494,0.00092662516,0.0015123573,0.001645516,0.0045417347,0.0084051667,0.00081383321,0.97963107
20180125-091342-1.jpg,8,8,0.00068074185,0.00016945804,0.00071155198,0.00388364,0.0021154447,0.00027343654,0.0010893641,0.00018416787,0.99089217
20180125-091410-2.jpg,8,8,0.00014277073,1.7480588e-05,7.0704424e-05,0.00036981163,0.00017816568,6.6822708e-05,0.00016459584,3.6623118e-05,0.99895298
20180125-091531-2.jpg,8,8,0.0057212664,0.00054928265,0.00096241158,0.0057698903,0.0045360443,0.0019173346,0.00286329,0.0018254239,0.97585505
20180125-091547-1.jpg,8,8,0.00083218364,0.00021335189,6.1433566e-05,0.00063418841,0.00034954268,0.00075383449,0.0005914463,0.00011358081,0.99645042
20180125-091559-1.jpg,8,8,0.00070174813,8.9690089e-05,2.4473651e-05,0.00011128079,0.00014353335,0.00075332442,0.00061574241,7.9820573e-05,0.99748045
20180125-091610-1.jpg,8,8,0.014684827,0.0050535905,0.0021358789,0.0046899146,0.0048408494,0.12850192,0.02892011,0.0087101273,0.80246276
20180125-091620-1.jpg,8,8,0.00038024073,0.00017375559,3.727369e-05,0.00029032366,0.0001126744,0.00025412449,0.00041380586,7.4975491e-05,0.99826282
20180125-091627-2.jpg,8,8,0.00053254911,6.2895204e-05,0.00050422299,0.0035371876,0.0036417237,0.00052111264,0.0019544733,0.00017097309,0.98907489
20180125-091849-1.jpg,8,8,5.3256153e-05,2.1336875e-05,7.4880089e-05,0.00023401847,6.6897825e-05,6.0463204e-05,0.00041720428,8.2581673e-06,0.99906367
20180125-091855-2.jpg,8,8,0.014062702,0.00077835523,0.0038771916,0.0056760334,0.017153399,0.0049213204,0.0084200772,0.0028027375,0.94230813
20180125-091934-2.jpg,8,8,0.0067173243,0.00088353484,0.0060058888,0.0041827494,0.0024201239,0.0033754334,0.006288534,0.0021936658,0.96793282
20180125-091946-1.jpg,8,8,0.0020662912,0.00095744687,0.00033378444,0.0032744117,0.0017104999,0.0027947135,0.0014833782,0.00076246035,0.98661709
20180125-092100-2.jpg,8,8,0.0014506272,0.0007824651,0.020406075,0.031090226,0.014083708,0.0021082982,0.0101286,0.0011226684,0.91882735
20180125-092140-1.jpg,8,8,0.0027508349,0.0017353455,0.0017057145,0.01050486,0.0046779495,0.0014896843,0.0018000444,0.0012331981,0.97410232
20180125-092215-1.jpg,8,8,0.00017392095,7.5327778e-05,0.0004993889,0.0037942356,0.0014741712,0.00012040261,0.0002707385,6.3147701e-05,0.99352866
20180125-092219-2.jpg,8,8,0.00087739248,0.00092812366,0.00012640387,0.003385656,0.00080407708,0.00037792654,0.00028664182,0.00071475736,0.99249905
20180125-092228-1.jpg,8,8,0.0039283675,0.00050083076,0.00083720696,0.003806368,0.006127506,0.00055649452,0.0020472044,0.0010733987,0.98112261
20180125-092249-2.jpg,8,8,0.00034213849,0.00012840488,0.0052012289,0.014092106,0.0090221949,0.00011386028,0.0010239523,0.0001814502,0.96989465
20180125-092250-2.jpg,8,8,0.0039531956,0.010991397,0.014535743,0.13319755,0.13096833,0.0023450104,0.0035876981,0.0044956962,0.69592535
20180125-092322-2.jpg,8,8,0.00088235392,0.00056494586,0.00050284097,0.0027101531,0.0012168817,0.00025222392,0.00037398862,0.00048242291,0.99301428
20180125-092333-2.jpg,8,8,0.001987482,0.0017487124,0.00052294676,0.012592423,0.0047396165,0.0019723426,0.0017796467,0.0015164762,0.97314036
20180125-092541-2.jpg,8,8,0.0054064579,0.0067897285,0.0018627243,0.083304934,0.028343854,0.002115478,0.0019918291,0.0046684342,0.86551654
20180125-092542-2.jpg,8,8,0.0038533809,0.0050537721,0.016775087,0.075565256,0.1242959,0.0020374318,0.0036297897,0.0047720871,0.76401728
20180125-092544-1.jpg,8,8,0.00023449972,0.00010073865,0.00048674157,0.0033010696,0.0029350971,9.468702e-05,0.00029619748,6.7130852e-05,0.99248379
20180125-092625-1.jpg,8,8,0.014718456,0.0029936102,0.011171885,0.029174736,0.12084437,0.015584235,0.010855733,0.0068905889,0.78776646
20180125-092733-1.jpg,8,8,0.00023873273,6.7776731e-05,0.00048586214,0.00088045839,0.00031427815,0.00011625997,0.0006477547,4.9547751e-05,0.9971993
20180125-092739-2.jpg,8,8,0.00041162965,0.00026627243,0.0021589338,0.0075486428,0.0031812477,0.00046722507,0.0018911683,0.0002122164,0.9838627
20180125-092832-1.jpg,8,8,2.7127939e-05,5.4236316e-06,1.6378748e-05,4.2444364e-05,1.051165e-05,3.649405e-05,0.00015116514,2.7284634e-06,0.99970776
20180125-092911-2.jpg,8,8,0.0012315492,0.00061472901,0.0011002896,0.0030302175,0.0017311032,0.0006668024,0.0013119415,0.00042320704,0.9898901
20180125-092942-2.jpg,8,8,0.00028135657,0.00011105523,0.00059151615,0.0011489231,0.00075893343,0.00015203022,0.00055954588,9.0831192e-05,0.99630582
20180125-092952-2.jpg,8,8,0.00011535364,0.00015802062,3.522549e-05,0.00078659575,0.00037904936,5.7822795e-05,0.00078819459,3.8599475e-05,0.99764121
20180125-093013-1.jpg,8,8,0.0050238254,0.00073502335,0.0053519062,0.0078124055,0.0041635754,0.011061354,0.007201653,0.0016902861,0.95696002
20180125-093014-2.jpg,8,8,0.00014604353,1.8016668e-05,0.00030981909,0.0003092665,0.00010785986,0.00031794485,0.00046990102,2.8502389e-05,0.99829262
20180125-093025-1.jpg,8,8,0.008602933,0.00041658554,0.00059243449,0.001414538,0.00057839323,0.0034777077,0.0024091632,0.00296421,0.97954398
20180125-093047-2.jpg,8,8,0.00013244557,2.5571864e-05,0.00088156492,0.0012973881,0.00043878207,7.4089119e-05,0.0010610621,3.8453793e-05,0.99605066
20180125-093056-2.jpg,8,8,0.0001890523,3.8870727e-05,0.00030528943,0.00089084351,0.0002992239,0.00013474596,0.00063988147,2.8555234e-05,0.99747354
20180125-093120-2.jpg,8,8,0.00013667843,2.6226167e-05,9.2318887e-06,0.00024369701,4.7379894e-05,0.00023498306,0.00016972068,4.0639919e-05,0.99909151
20180125-093202-1.jpg,8,8,0.0024654355,0.0015002911,0.00032777275,0.002331929,0.00066865701,0.0023484228,0.0027391049,0.00080344547,0.98681498
20180125-093220-2.jpg,8,8,0.00018028857,0.00014169906,0.00074762321,0.0044063041,0.0039598537,0.00012398996,0.0017239857,7.5523043e-05,0.98864079
20180125-093221-2.jpg,8,8,0.0010089849,0.00026220476,0.00041901262,0.0068971463,0.0033460613,0.00040674213,0.0017634775,0.00036203224,0.98553431
20180125-093224-1.jpg,8,8,0.0013597069,0.00020733757,0.00030507619,0.0014574982,0.001717405,0.00052439922,0.00052273349,0.00021575369,0.99369013
20180125-093235-1.jpg,8,8,0.00031387806,0.00062543066,0.00042961497,0.0051531135,0.0023513776,0.00071993354,0.00092383631,0.00023217268,0.98925066
20180125-093327-1.jpg,8,8,0.023251684,0.0030357537,0.0025858742,0.017628003,0.042124353,0.0058950731,0.012794958,0.011689217,0.88099509
20180125-093430-2.jpg,8,8,0.0031260913,0.0014662263,0.0017259768,0.0083491895,0.0092159035,0.00093315472,0.0032418252,0.0016538859,0.97028774
20180125-093556-1.jpg,8,8,0.015095491,0.0059059854,0.0086520649,0.11927638,0.15944426,0.0090254555,0.010146688,0.012393721,0.66005993
20180125-093636-2.jpg,8,8,0.0024914651,0.001060963,0.0046450119,0.014486923,0.021615127,0.00064733572,0.0024164831,0.0014590211,0.95117766
20180125-093655-1.jpg,8,8,0.039634902,0.037601892,0.0044510961,0.30904299,0.16749908,0.014429992,0.0053390898,0.04980946,0.37219149
20180125-093734-2.jpg,8,8,0.0022107407,0.00016172336,0.0012034838,0.0038391829,0.0064837853,0.00072438578,0.001950318,0.00072486699,0.98270148
20180125-093757-2.jpg,8,8,0.0012799335,0.00016876258,0.0072550317,0.002435917,0.0027136742,0.00044822041,0.003624808,0.00038641228,0.98168725
20180125-093824-1.jpg,8,8,5.5627002e-05,4.4221006e-06,1.126501e-06,1.0027733e-05,7.3293281e-06,3.5273362e-05,0.00010143041,7.1761283e-06,0.99977762
20180125-093847-1.jpg,8,8,0.00035188143,8.4424653e-05,8.9650355e-05,0.00084417412,0.00016001561,0.00014794213,0.00030674823,4.5377557e-05,0.99796981
20180125-093958-2.jpg,8,8,0.000936714,0.00037786565,0.0017215965,0.0071561411,0.0052455249,0.00032580752,0.0020942707,0.00043803267,0.98170406
20180125-094007-1.jpg,8,8,0.0010390015,0.00083883316,0.0017532975,0.015653953,0.0095026055,0.00095127348,0.0014993537,0.00074299629,0.96801871
20180125-094055-1.jpg,8,8,0.0041719787,0.00046340004,3.6572965e-05,0.00091953413,0.0005987701,0.0031273477,0.00087723689,0.0016718379,0.98813337
20180125-094142-2.jpg,8,8,0.00046254182,2.6070151e-05,0.00036877437,0.00054016366,0.00025003927,0.00020266281,0.00049723021,0.00012391328,0.99752861
20180125-094143-1.jpg,8,8,0.0015757234,0.00010913811,6.2678773e-05,0.00071214634,0.00052644714,0.00041122665,0.00037255062,0.00023249777,0.99599755
20180125-094229-2.jpg,8,8,0.0011754041,7.1833922e-05,0.00031352884,0.00053774187,0.0003438408,0.0011510812,0.0012737366,0.00029502812,0.99483782
20180125-094255-2.jpg,8,8,0.0052574263,0.00053923856,0.0034258785,0.0029311532,0.0019384735,0.0019287333,0.0025095544,0.001765774,0.97970378
20180125-094314-2.jpg,8,8,0.0015351257,0.00018072294,0.0062187361,0.001031737,0.0008776504,0.00075517665,0.0037291339,0.00037951252,0.98529214
20180125-094353-2.jpg,8,8,0.0028863861,0.0018102967,0.0075428956,0.023882497,0.024557909,0.0014748328,0.0076901335,0.0024682519,0.92768681
20180125-094439-2.jpg,8,8,0.0045236754,0.0018735375,0.0019306057,0.020928627,0.01392423,0.0011296609,0.0033984866,0.0024983324,0.9497928
20180125-094911-2.jpg,8,8,0.0048144949,0.0028627489,0.38544837,0.055873603,0.041394163,0.024897991,0.015915839,0.0032711118,0.46552166
20180125-095013-1.jpg,8,8,0.0042763124,0.0031724472,0.0081648724,0.0036722918,0.0029751966,0.054054797,0.081109092,0.003177339,0.83939767
20180125-095022-1.jpg,8,8,0.006342073,0.010876549,0.028323809,0.019125437,0.012100047,0.037566949,0.030214885,0.0066005541,0.84884971
20180125-095031-1.jpg,8,8,0.00092899747,0.00063272071,0.00079644466,0.0010292651,0.0012579276,0.003929866,0.010859725,0.00064235023,0.97992271
20180125-095045-1.jpg,8,8,0.040399689,0.012099918,0.14021771,0.012783608,0.015271607,0.079588816,0.088151932,0.023403039,0.58808368
20180125-095143-1.jpg,8,8,0.00034612394,0.00013948063,0.00058665656,0.0013316325,0.00087765878,0.0013551243,0.0054119327,6.6378234e-05,0.98988497
20180125-095154-1.jpg,8,8,0.00033224636,6.6913686e-05,0.003851634,0.0013409284,0.0018864496,0.0011845056,0.0042902553,7.0476584e-05,0.98697656
20180125-095158-2.jpg,8,8,0.0016903168,0.0005596386,0.04995003,0.0097507769,0.0017280763,0.025177086,0.011065684,0.00053805189,0.89954036
20180125-095204-1.jpg,8,8,0.00045030186,0.00035294236,0.00044524373,0.0047850646,0.0011806496,0.00067268632,0.0017114425,0.00018424442,0.99021739
20180125-095236-1.jpg,8,8,0.0027385897,0.00098333927,0.006748721,0.0071431501,0.0029869967,0.017178068,0.014318714,0.0013892601,0.94651312
20180125-095252-2.jpg,8,8,0.010210798,0.0032867333,0.12665117,0.045304053,0.011186861,0.058282252,0.010392069,0.0044979556,0.73018813
20180125-095303-2.jpg,8,8,0.0042711571,0.00052778248,0.0045737061,0.0070752348,0.0099612521,0.033663277,0.010350479,0.0019156662,0.92766148
20180125-095326-2.jpg,8,8,0.014032495,0.00099947106,0.00071849418,0.010179508,0.0027547714,0.034348059,0.0063610058,0.006522832,0.92408335
20180125-095434-1.jpg,8,8,0.0053397384,0.0011813621,0.0018685535,0.0052515594,0.003721352,0.0079111159,0.0056876088,0.0026328261,0.96640587
20180125-095456-2.jpg,8,8,0.0039014905,0.0016641238,0.032317132,0.010935982,0.0033778274,0.031716596,0.027923238,0.00131441,0.88684916
20180125-095537-1.jpg,8,8,8.6147826e-05,4.9793648e-06,5.4604367e-05,0.00013034482,5.4179229e-05,0.00018106459,0.00017485516,1.2021316e-05,0.99930179
20180125-095549-2.jpg,8,8,0.00062630774,0.0004836616,0.0063777524,0.0033918309,0.0017970725,0.0081327241,0.017965512,0.00038924281,0.96083593
20180125-095558-1.jpg,8,8,0.0084768198,0.007822399,0.039142072,0.02947277,0.03258292,0.064250439,0.066575944,0.0083538443,0.74332279
20180125-095634-1.jpg,8,8,0.011323565,0.0054689799,0.038657665,0.082305297,0.05216017,0.050065827,0.028096499,0.0087738317,0.72314811
20180125-095658-2.jpg,8,8,0.0018918667,0.0003861874,0.057446528,0.0040715388,0.0028159397,0.015853953,0.0058842087,0.00066407496,0.91098571
20180125-095749-1.jpg,8,8,0.00055761234,8.1928425e-05,4.9372069e-05,0.00035828128,0.00018788599,0.0043955245,0.0016981639,0.00010928421,0.992562
20180125-095751-2.jpg,8,8,0.026358504,0.004157091,0.024054635,0.012146201,0.011754904,0.086063564,0.046430048,0.020441253,0.76859379
20180125-095801-2.jpg,8,8,0.00092374807,0.00085367856,0.40352991,0.012378939,0.012994396,0.01068306,0.036688723,0.00089394255,0.52105361
20180125-095811-1.jpg,8,8,0.0087467199,0.0016196687,0.041016567,0.070279986,0.056967746,0.017367952,0.014296866,0.0038033263,0.78590119
20180125-095842-2.jpg,8,8,0.0015156377,0.00035411617,0.00052575691,0.002965746,0.0010785364,0.0054228622,0.0048248381,0.00067878381,0.98263365
20180125-095904-2.jpg,8,8,0.00030153862,8.6146429e-05,0.0011587887,0.0023905991,0.001471962,0.0021045781,0.0050267824,8.9056295e-05,0.98737049
20180125-095907-2.jpg,8,8,0.00084747636,7.0581249e-05,0.00079089595,0.0024149541,0.0013054116,0.0010904074,0.001906073,0.00020340325,0.9913708
20180125-100003-1.jpg,8,8,0.0017398284,0.0046227812,0.066102996,0.010314903,0.0086776083,0.0062220208,0.036184225,0.0023701347,0.86376548
20180125-100028-1.jpg,8,8,0.0018924678,0.00074500276,0.0054348344,0.0025107362,0.00089070277,0.008426982,0.0074680042,0.00080676144,0.97182447
20180125-100037-2.jpg,8,8,0.0038899151,0.00066324568,0.0049482631,0.0073776878,0.00139722,0.02426975,0.0019165331,0.0014808477,0.95405656
20180125-100103-1.jpg,8,8,0.0009634762,0.00030928347,0.00021057413,0.0018916228,0.00038525561,0.0082718832,0.0017555101,0.00033036407,0.98588204
20180125-100141-1.jpg,8,8,0.00087639724,0.00049379544,0.013701997,0.0035063112,0.0021104855,0.011096304,0.01599073,0.00038955631,0.95183438
20180125-100152-1.jpg,8,8,0.0003035047,9.9318e-05,0.0046926681,0.00074556982,0.00013496123,0.0030065714,0.00096988073,8.1638347e-05,0.98996592
20180125-100204-1.jpg,8,8,0.0019551038,0.00029027785,0.0024986947,0.0019945207,0.00067552662,0.015078422,0.0028490343,0.00057296554,0.97408551
20180125-100223-2.jpg,8,8,0.004596788,0.00076114706,0.0208889,0.038704075,0.010110561,0.0086100809,0.0021992228,0.0016498237,0.91247934
20180125-100248-1.jpg,8,8,0.0012328769,0.0021681888,0.0033105263,0.011345817,0.0048528924,0.0048830123,0.032454334,0.0010785769,0.93867373
20180125-100328-2.jpg,8,8,0.0028352735,0.00062206713,0.050786715,0.012295775,0.0032471591,0.014530866,0.0055739065,0.00082837348,0.90927988
20180125-100400-1.jpg,8,8,0.00071638281,0.00046353569,0.00012543418,0.0013784014,0.00089955924,0.0048524416,0.0054006092,0.00047133036,0.98569226
20180125-100405-2.jpg,8,8,0.0071815401,0.0096761892,0.079472534,0.038228177,0.015503791,0.088934444,0.076474689,0.0036990158,0.68082964
20180125-100512-2.jpg,8,8,0.0048513021,0.0030257278,0.003130943,0.0060131764,0.0029931646,0.0123759,0.031264506,0.0019979987,0.93434727
20180125-100533-1.jpg,8,2,0.0024574422,0.0014298634,0.49871793,0.02061094,0.020328304,0.01135222,0.029351577,0.0022513871,0.41350034
20180125-100600-2.jpg,8,8,0.0041101556,0.0010917847,0.033703521,0.08635103,0.025015749,0.035380974,0.010063244,0.0031620713,0.80112141
20180125-100640-1.jpg,8,8,0.00023521132,0.00026829002,6.884701e-05,0.0016129049,0.00040706387,0.00042654804,0.00048084668,0.00020125562,0.99629909
20180125-100726-2.jpg,8,8,0.0020568266,0.000741611,0.059965037,0.013435213,0.005657102,0.030308485,0.031500611,0.0010319572,0.85530317
20180125-100815-2.jpg,8,8,0.0098779704,0.0020781541,0.068985954,0.015379507,0.01456236,0.087493464,0.038175385,0.0041969861,0.75925022
20180125-100826-2.jpg,8,8,0.00075221725,9.8878263e-05,0.00087110902,0.001156871,0.00072030723,0.0045630401,0.003617286,0.000345201,0.98787516
20180125-100954-2.jpg,8,8,0.0021965082,0.00018277326,0.0016592047,0.0012130355,0.0024335769,0.0033334885,0.0062272474,0.00059156219,0.98216265
20180125-101220-1.jpg,8,8,0.0048621139,0.0029018461,0.0017339494,0.0053929286,0.0083922353,0.0051989565,0.0051174783,0.0039459704,0.9624545
20180125-101231-2.jpg,8,8,0.00045836697,1.0805576e-05,4.7071269e-05,8.5507731e-05,5.2489821e-05,0.0014278707,0.0005707065,6.5711909e-05,0.99728143
20180125-101241-1.jpg,8,8,0.00054306188,0.00027469249,0.0082559455,0.0018696146,0.00097068533,0.012157138,0.012827883,0.00031706679,0.96278387
20180125-101241-2.jpg,8,8,0.0038660059,0.0005105774,0.0070215375,0.0038626343,0.0054197595,0.010217433,0.014031328,0.0012333499,0.95383739
20180125-101251-2.jpg,8,8,0.0090244608,0.0017693874,0.013936942,0.015342271,0.017237894,0.022291722,0.011143537,0.0043850453,0.90486872
20180125-101252-1.jpg,8,8,0.00030941021,0.00012997958,0.0055109989,0.001803763,0.0021023646,0.00046948635,0.0042047533,0.00020597213,0.98526323
20180125-101328-1.jpg,8,8,0.0038330322,0.00038620189,0.0013257138,0.0022370045,0.0013685896,0.011425844,0.0028192732,0.0013575864,0.97524673
20180125-101344-2.jpg,8,8,0.0018942566,0.00040910571,0.0043213125,0.0027730006,0.0035561372,0.013376281,0.013364229,0.00058613147,0.95971954
20180125-101824-2.jpg,8,8,0.00012934761,1.7171889e-05,9.4057621e-05,0.00024345837,0.00010203123,0.0017898956,0.0010041419,2.4640043e-05,0.9965952
20180125-101844-1.jpg,8,8,0.017132722,0.0029334608,0.0001387745,0.00092229887,0.00049402029,0.087914534,0.0072681829,0.0051754988,0.87802052
20180125-101858-1.jpg,8,8,0.0043274183,0.00099780003,0.0028988481,0.0033119435,0.0011574606,0.035231791,0.01175887,0.0017622827,0.93855357
20180125-101907-2.jpg,8,8,0.0012131205,0.00019974775,0.11926603,0.011286508,0.007942671,0.004415927,0.0033304726,0.00037438385,0.85197109
20180125-102016-1.jpg,8,8,0.0030022739,0.00038375671,0.0019721312,0.004970938,0.0036864872,0.0044474481,0.0045745736,0.0006670641,0.97629535
20180125-102041-2.jpg,8,8,0.0059258672,0.0021180706,0.10625102,0.01372794,0.017013926,0.0074795098,0.035738088,0.0035193413,0.80822629
20180125-102044-1.jpg,8,8,0.0098888949,0.030202383,0.010756987,0.041421171,0.0072676204,0.075018629,0.074805021,0.0068059554,0.74383324
20180125-102104-1.jpg,8,8,0.0040595694,0.0017199417,0.015784105,0.026825504,0.0052416604,0.034922551,0.01210506,0.0014173669,0.8979243
20180125-102132-2.jpg,8,8,0.0041237585,0.0025794187,0.0037163629,0.035733711,0.018772794,0.0014306862,0.0030252466,0.0022853843,0.92833269
20180125-102204-1.jpg,8,8,0.005008582,0.0017486656,0.033991858,0.022712827,0.0095935967,0.021125106,0.014597931,0.0016729414,0.88954854
20180125-123318-2.jpg,8,8,0.00084949308,0.0002964458,0.03760843,0.0058138133,0.011214629,0.00064758729,0.0067957304,0.00036839975,0.93640548
20180125-125831-2.jpg,8,8,0.010856594,0.011514414,0.0029793971,0.023644278,0.018853195,0.004701192,0.012042251,0.0055740499,0.90983462
20180125-125934-3.jpg,8,8,0.0050850487,0.0038553197,0.0072358157,0.014386413,0.022199707,0.0025185328,0.0096229892,0.0019275927,0.93316859
20180125-130032-3.jpg,8,1,0.041213371,0.73629814,0.00060588791,0.0057132305,0.0021348365,0.0088975998,0.022064321,0.076407686,0.1066649
20180125-130045-2.jpg,8,8,0.0031317894,0.011893095,3.0865307e-05,0.0021105597,0.00050774001,0.013823071,0.0040886709,0.00070311781,0.96371114
20180125-130048-3.jpg,8,8,0.011153023,0.0063126548,0.0019300102,0.015736369,0.010075883,0.0060352958,0.0065292465,0.008423076,0.93380445
20180125-130058-3.jpg,8,8,0.0011197856,0.00024955691,0.0011653381,0.0021386589,0.0010400012,0.00027674402,0.0011942516,0.00018457975,0.99263108
20180125-130118-2.jpg,8,8,0.0075221406,0.0044033243,0.0087434622,0.052932039,0.059984375,0.0031611153,0.010239651,0.0040242234,0.84898967
20180125-130141-3.jpg,8,8,0.000216125,0.00015320137,0.0010569987,0.0030811841,0.0020141858,9.0916772e-05,0.00079874421,9.7318421e-05,0.9924913
20180125-130149-2.jpg,8,8,0.011807209,0.0066141225,0.008842187,0.053167764,0.086246327,0.0059613031,0.0047115306,0.0050486065,0.81760097
20180125-130223-3.jpg,8,8,0.028011164,0.024914345,0.0003408537,0.0080940779,0.0014797823,0.0047106156,0.0019796689,0.0094185146,0.92105097
20180125-130342-2.jpg,8,8,0.0024494727,0.001467422,0.020515777,0.027547719,0.057032123,0.0020616837,0.017736007,0.00095056382,0.8702392
20180125-130408-3.jpg,8,8,0.067377068,0.064411402,0.003106707,0.028017687,0.012651978,0.019047284,0.019998986,0.029523529,0.75586534
20180125-130423-3.jpg,8,8,0.0042095589,0.0010277499,0.0073967823,0.013798709,0.031394161,0.0023084874,0.0035470321,0.0016544985,0.934663
20180125-130452-2.jpg,8,8,0.0042521879,0.0019421399,0.0020542743,0.010364156,0.015040276,0.0035058174,0.0049549127,0.0016885055,0.95619774
20180125-130809-2.jpg,8,8,0.00057395321,0.00042446869,0.0012025351,0.0027062113,0.00052030134,0.00011883591,0.00041583818,0.00032319775,0.99371463
20180125-131011-2.jpg,8,8,0.018749379,0.030441748,0.0031380432,0.013269337,0.0025433293,0.0056610778,0.013605604,0.010268016,0.90232348
20180125-131057-3.jpg,8,8,0.0044632,0.002574143,0.008207093,0.012083472,0.017850535,0.0017229418,0.0080817835,0.0023453627,0.94267148
20180125-131139-2.jpg,8,8,0.0014503152,0.0016335455,6.5850407e-05,0.00053648365,5.8880054e-05,0.00072054233,0.0018774176,0.00055563316,0.99310136
20180125-131150-3.jpg,8,8,0.071479522,0.034244485,0.0044366145,0.019498879,0.02285365,0.012327239,0.0071067694,0.035449389,0.79260349
20180125-131224-2.jpg,8,8,0.0063793296,0.0026364343,0.0043203291,0.021102607,0.0096461894,0.0011475087,0.0013660538,0.0055590002,0.94784248
20180125-131259-3.jpg,8,8,0.0038402344,0.0046556685,0.029392546,0.069490589,0.15785326,0.0014980987,0.0075027258,0.0045792768,0.72118759
20180125-131414-3.jpg,8,8,0.014382286,0.017279899,0.00148023,0.03016703,0.0067252195,0.0024891801,0.0021600337,0.013187044,0.91212904
20180125-131441-2.jpg,8,8,0.02739499,0.010359728,0.0010229668,0.0071562817,0.0032126396,0.0099901129,0.0023421897,0.017817829,0.92070323
20180125-131541-3.jpg,8,8,0.036754455,0.025168318,0.0093251383,0.059646577,0.045153257,0.014448364,0.0073608528,0.023723347,0.77841961
20180125-131545-2.jpg,8,8,0.011746124,0.0064056176,0.00028501792,0.0022867124,0.00097735913,0.0071208426,0.0086868163,0.0042646122,0.95822692
20180125-131638-3.jpg,8,8,0.0090935677,0.0099282954,0.01945037,0.063109457,0.038563497,0.0047852783,0.033681747,0.011095166,0.81029266
20180125-131658-2.jpg,8,8,0.00070073351,0.00085466896,0.00014088723,0.0024259756,0.00044476305,0.00060474622,0.00091996265,0.0003323683,0.99357587
20180125-131707-2.jpg,8,8,0.0037125621,0.0067160358,0.00016165296,0.0023035319,0.00026102373,0.009136335,0.0040340046,0.0030133403,0.97066146
20180125-131717-2.jpg,8,8,0.00093060458,0.00068078312,0.00033119824,0.0012239036,0.00025568766,0.0010725943,0.0011034658,0.00039845539,0.99400336
20180125-131723-3.jpg,8,8,0.011855014,0.0094738845,0.028858,0.028264372,0.021703752,0.020053759,0.020296318,0.0071569611,0.85233796
20180125-131822-2.jpg,8,8,0.0033295159,0.0014268472,0.0048458171,0.017677179,0.013163047,0.0017842031,0.0065744421,0.0014380381,0.94976085
20180125-131940-2.jpg,8,8,0.0040018032,0.0019842875,0.00077909272,0.0059846789,0.001463301,0.0014605023,0.0031706523,0.0014540316,0.97970164
20180125-131958-3.jpg,8,8,0.011761747,0.0069085313,0.0077600037,0.013201413,0.01239244,0.0018890556,0.0025521095,0.0049376604,0.93859708
20180125-132018-2.jpg,8,8,0.00076491467,0.0013367889,0.0026021388,0.0078851031,0.0034505678,0.00093999121,0.0070947935,0.00053939375,0.97538632
20180125-132123-3.jpg,8,8,0.018589826,0.011270476,0.0071504735,0.027393196,0.016206238,0.0097769825,0.011368995,0.014038164,0.88420558
20180125-132133-3.jpg,8,8,0.013335735,0.02147538,0.051970609,0.04908371,0.069830716,0.007067875,0.012307436,0.014753304,0.76017523
20180125-132158-2.jpg,8,8,0.0035843342,0.0020636697,0.0017598339,0.008342809,0.0021190371,0.00067431992,0.0011738196,0.0012227142,0.97905946
20180125-132200-3.jpg,8,8,0.076685093,0.05024036,0.0080788471,0.049477026,0.023408527,0.0097171646,0.030041587,0.033013888,0.71933746
20180125-132211-3.jpg,8,8,0.023442594,0.07618884,0.0025900831,0.021118678,0.0084790168,0.011079391,0.075524725,0.011305917,0.77027082
20180125-132243-2.jpg,8,8,0.018568039,0.0032010067,0.00075124297,0.0032329159,0.0010605333,0.0023908925,0.0029541098,0.0091117425,0.95872951
20180125-132255-2.jpg,8,8,0.018697124,0.0087920092,0.019743791,0.060193483,0.042645037,0.0061383084,0.01682964,0.011253281,0.81570727
20180125-132330-2.jpg,8,8,0.0061723567,0.0080319736,0.0036324379,0.0277043,0.010271125,0.00099736603,0.0027915619,0.0054465481,0.93495232
20180125-132332-3.jpg,8,8,0.0023031023,0.0019285523,0.0025252833,0.0084240446,0.0032300407,0.00054609263,0.0041794372,0.00052716094,0.97633624
20180125-132427-3.jpg,8,8,0.0014037433,0.00088686269,0.012385871,0.0067894254,0.0080210399,0.0006179511,0.005097081,0.0010542599,0.96374381
20180125-132435-2.jpg,8,8,0.011263642,0.0034534608,0.014166393,0.062326122,0.040874682,0.0021939026,0.0054704822,0.0043361601,0.85591519
20180125-132622-3.jpg,8,8,0.0018136285,0.00088951195,0.0067298478,0.0046949759,0.0020739259,0.0051150643,0.0025615734,0.00068480184,0.97543669
20180125-132657-3.jpg,8,8,0.031538159,0.020804513,0.00093929726,0.0064965417,0.0049791904,0.01536242,0.0088378917,0.01339848,0.89764351
20180125-132826-2.jpg,8,8,0.0039940029,0.0017760547,0.0034393785,0.016114639,0.020045929,0.00093382469,0.0035397764,0.0016909858,0.94846535
20180125-132930-3.jpg,8,8,0.00096374302,0.00013621169,0.084381565,0.0067458106,0.020234305,0.00036956253,0.0045738844,0.00076512282,0.8818298
20180125-132933-2.jpg,8,8,0.0016093764,0.00056895858,0.0027243025,0.0096974596,0.0055180416,0.00027599972,0.0012503554,0.0009067505,0.97744876
20180125-133054-2.jpg,8,8,0.0037685838,0.00051918073,0.0016043915,0.008977267,0.0032004761,0.00039324953,0.00027908472,0.0011052057,0.98015255
20180125-133224-3.jpg,8,8,0.0010008242,0.00017635513,0.013240676,0.0037849385,0.0051738466,0.00029771953,0.0041667991,0.00048481271,0.97167408
20180125-133225-2.jpg,8,8,0.0019672709,0.0024296313,0.0048217881,0.013623592,0.0075566857,0.0022942002,0.0063571017,0.0010316558,0.95991808
20180125-133341-3.jpg,8,8,0.024186295,0.019410137,0.062653176,0.050967932,0.086126953,0.0056278547,0.04366789,0.022635674,0.68472409
20180125-133357-2.jpg,8,8,0.00084839168,0.00076614565,0.00073418714,0.0058283675,0.0028712945,0.00062475365,0.0013276296,0.00040055104,0.98659873
20180125-133416-2.jpg,8,8,0.0029169996,0.0011765209,0.0046249651,0.01558435,0.0081229899,0.0011767253,0.0076691736,0.0020769651,0.95665127
20180125-133832-3.jpg,8,8,0.0071040024,0.015623487,0.04059682,0.045537062,0.050101046,0.0086574713,0.02664551,0.0093994783,0.79633516
20180125-133912-3.jpg,8,8,0.025951643,0.031639971,0.0046611913,0.016087959,0.011608296,0.026115552,0.020177051,0.015507668,0.84825069
20180125-134003-3.jpg,8,8,0.010211791,0.0034841252,0.082386307,0.020369891,0.018522119,0.0088724354,0.026715983,0.0039427108,0.82549465
20180125-134028-3.jpg,8,8,0.0039690039,0.00035451684,0.0019342226,0.002102013,0.0042828876,0.0011663403,0.004882968,0.0017369192,0.9795711
20180125-134035-2.jpg,8,8,0.002129033,0.00040034796,0.0041680867,0.0071936864,0.0036602651,0.0007567383,0.0053796535,0.00077977445,0.97553241
20180125-134105-3.jpg,8,8,0.0012747718,0.0022376888,0.0019270555,0.003497818,0.0021795414,0.0014795559,0.0033636873,0.00063485221,0.98340499
20180125-134125-3.jpg,8,8,0.0017545337,0.00056051003,0.0056758784,0.0050182901,0.0046615899,0.00043951572,0.0033969376,0.00063578581,0.97785687
20180125-134236-2.jpg,8,8,0.022811795,0.012388011,0.024664138,0.14069641,0.14365672,0.0038613887,0.0069317329,0.014234302,0.63075548
20180125-134309-2.jpg,8,8,0.0017532948,0.00023506595,0.0060374616,0.010596779,0.010922426,0.00057747652,0.0020811623,0.00060030661,0.96719599
20180125-134413-3.jpg,8,8,0.013001552,0.0056109689,0.047483165,0.032600693,0.060466353,0.0036409078,0.019172763,0.0067541022,0.81126952
20180125-134542-3.jpg,8,8,0.011943934,0.0064260811,0.016181817,0.037429482,0.035769925,0.0039693746,0.015340572,0.010119648,0.86281919
20180125-134552-3.jpg,8,8,0.0086926883,0.040653586,0.0028603319,0.0047679134,0.0026812993,0.0065375254,0.16243273,0.0037777436,0.76759624
20180125-134626-3.jpg,8,8,0.0028909796,0.0036479929,0.0061603803,0.066278525,0.045171347,0.0020210133,0.012535312,0.0032075313,0.85808694
20180125-134648-3.jpg,8,8,0.0094127543,0.010589041,0.016478337,0.065093271,0.079501592,0.0029797347,0.0036035527,0.008084028,0.80425769
20180125-134702-2.jpg,8,8,0.0011856554,0.00038960579,0.0016614351,0.0020955491,0.00060792564,0.00059874787,0.00091407693,0.00021409239,0.99233294
20180125-134716-2.jpg,8,8,0.0087387189,0.005994943,0.016957955,0.02309202,0.02522522,0.0074695135,0.030033434,0.0051064505,0.87738174
20180125-134828-3.jpg,8,8,0.0022791899,0.0010685251,0.0055208229,0.0050980425,0.0038838899,0.00084374758,0.0041046236,0.0017433692,0.97545779
20180125-134850-3.jpg,8,8,0.0042742332,0.0011804154,0.0031690728,0.001833968,0.0023707862,0.0011057653,0.0041434281,0.00077672652,0.98114568
20180125-134902-2.jpg,8,8,0.0045370162,0.0015539601,0.0060520968,0.019438678,0.018780019,0.0016882013,0.0030725833,0.0021456594,0.94273174
20180125-135006-2.jpg,8,8,0.0047324873,0.0053450796,0.031628136,0.012291121,0.013044765,0.010442741,0.020133115,0.0028921955,0.8994903
20180125-135018-3.jpg,8,8,0.0083728544,0.0051145516,0.030120699,0.028172659,0.0488167,0.0033718401,0.0060572494,0.0058517149,0.86412174
20180125-135026-3.jpg,8,8,0.0085358825,0.0066050137,0.01161477,0.025336903,0.016693961,0.0024111315,0.013558989,0.0071707619,0.90807265
20180125-135121-2.jpg,8,8,0.023114352,0.015439727,0.024015725,0.041332804,0.13093947,0.0047528394,0.019432034,0.0089796791,0.73199344
20180125-135132-2.jpg,8,8,0.0004880726,7.6917364e-05,0.0015787529,0.0026327998,0.0044341492,0.00023612543,0.0015662914,0.00014013512,0.98884684
20180125-135214-2.jpg,8,8,0.0068435352,0.0013339379,0.0056316312,0.011842219,0.014490389,0.0021382847,0.0071664457,0.0018316633,0.94872195
20180125-135234-2.jpg,8,8,0.0016026401,0.00053789624,0.00068178319,0.0021904251,0.0018402057,0.00092466868,0.0057044709,0.00030616502,0.98621178
20180125-135349-3.jpg,8,8,0.0038022078,0.011793219,0.045543551,0.039147235,0.030362854,0.0045826659,0.010420608,0.0061208787,0.84822673
20180125-135404-3.jpg,8,8,0.0035321948,0.0039069257,0.0052670538,0.012937591,0.0099172965,0.00099948398,0.0083920183,0.00249966,0.95254773
20180125-135509-3.jpg,8,8,0.016613718,0.013281597,0.023116656,0.042542536,0.054906994,0.0052181468,0.014862685,0.011160891,0.81829685
20180125-135527-3.jpg,8,8,0.0051024142,0.0052723153,0.0022068941,0.0095590279,0.0078376699,0.0015223242,0.0042941361,0.0025446049,0.96166062
20180125-135621-3.jpg,8,8,0.0066640261,0.0079777259,0.0061504864,0.016621778,0.010247772,0.0035388425,0.008814225,0.0049270387,0.93505806
20180125-135651-3.jpg,8,8,0.011994587,0.014661513,0.013687306,0.02300974,0.035644516,0.0044110287,0.01001869,0.0079772202,0.87859547
20180322-102414-2.jpg,8,8,0.0040319557,0.0011734623,0.0045604631,0.12780803,0.11334068,0.0011017467,0.0017102684,0.0021334894,0.74413991
20180322-102617-2.jpg,8,8,0.014898099,0.0061935675,0.017020306,0.22586848,0.085751891,0.0033093658,0.0016862184,0.0094146132,0.63585746
20180322-102724-1.jpg,8,8,0.020795375,0.0062167766,0.029180815,0.045993805,0.12261573,0.014822031,0.004072859,0.010891307,0.74541128
20180322-102731-2.jpg,8,8,0.0031527372,0.0026668329,0.008368725,0.084137477,0.049055759,0.0010423746,0.0015700109,0.001908567,0.8480975
20180322-102756-2.jpg,8,8,0.015807128,0.0045686653,0.021672029,0.12848614,0.087005876,0.0028065704,0.0014624561,0.0073653455,0.73082584
20180322-102956-1.jpg,8,8,0.0044235392,0.0013389019,0.0056439531,0.098756544,0.23122199,0.0010095234,0.00080465496,0.0028869964,0.65391392
20180322-103028-1.jpg,8,4,0.014547747,0.0041906359,0.033243962,0.20175086,0.4841269,0.0093765892,0.001523045,0.011534299,0.23970604
20180322-103121-1.jpg,8,8,0.021625562,0.013708073,0.014906986,0.20638525,0.27059993,0.0052592503,0.0071879295,0.021126691,0.4392004
20180322-103258-2.jpg,8,8,0.010637527,0.0018338503,0.000847566,0.023643302,0.018071286,0.0013023908,0.00055579888,0.0036964121,0.93941188
20180322-103624-2.jpg,8,8,0.0012803943,0.00078229205,0.0011507729,0.012535116,0.0060676234,0.00026944489,9.3589792e-05,0.00051326788,0.97730756
20180322-103659-1.jpg,8,8,0.19853061,0.014920435,0.004268581,0.022543004,0.020538382,0.040357538,0.0031950595,0.065605678,0.63004071
20180322-103725-1.jpg,8,8,0.022518992,0.011407848,0.10868654,0.084568359,0.042974729,0.021666208,0.0020207111,0.01448032,0.69167626
20180322-103903-2.jpg,8,8,0.0035717259,0.00084163237,0.0017531327,0.03281856,0.022592789,0.00096164062,0.00079755357,0.0011339679,0.93552899
20180322-103917-2.jpg,8,8,0.009332004,0.0011107606,0.0072909473,0.056978475,0.028513346,0.0014680896,0.00053311529,0.0035239574,0.8912493
20180322-103939-1.jpg,8,8,0.030727681,0.043630496,0.0024401045,0.045879919,0.023510275,0.027407207,0.0072170743,0.020572517,0.79861474
20180322-104005-2.jpg,8,8,0.017374475,0.013202352,0.0012457102,0.013186894,0.0046177013,0.0050665666,0.0021270686,0.0061981394,0.93698108
20180322-104107-1.jpg,8,8,0.062117878,0.014937473,0.0010179344,0.073626183,0.0084553715,0.012125842,0.00080994132,0.026145674,0.80076373
20180322-104336-2.jpg,8,8,0.0055088066,0.0015375821,0.010789783,0.039977588,0.016099652,0.0028008793,0.0015477235,0.0036179903,0.91811997
20180322-104436-1.jpg,8,8,0.10611586,0.0043728338,0.003474274,0.081532799,0.024231585,0.0062288847,0.0014066456,0.023143025,0.74949414
20180322-104627-1.jpg,8,8,0.016556647,0.0038923263,0.0065531339,0.19372736,0.068971954,0.0053619724,0.00063194596,0.011634616,0.69267005
20180322-104635-1.jpg,8,8,0.032536592,0.012640475,0.01148542,0.31114545,0.086328506,0.0051177884,0.0022319912,0.021227404,0.51728636
20180322-104949-1.jpg,8,8,0.012037508,0.0023786386,0.000112162,0.016530477,0.0044087744,0.0009879542,9.5703028e-05,0.0033440772,0.96010476
20180322-105147-1.jpg,8,8,0.049492344,0.037862666,0.0050857891,0.13933766,0.079556979,0.016863238,0.0055807778,0.042789798,0.62343073
20180322-105208-1.jpg,8,3,0.034683626,0.018087311,0.1976583,0.3193644,0.10720226,0.023529921,0.0043299613,0.027559472,0.26758474
20180322-105321-1.jpg,8,8,0.036523629,0.012268634,0.033039428,0.32173637,0.11315534,0.0084086964,0.0052147112,0.025618169,0.44403508
20180322-105511-1.jpg,8,8,0.024242479,0.0089604845,0.012311999,0.055093896,0.040376246,0.019625871,0.018256731,0.016963767,0.80416846
20180322-110707-2.jpg,8,8,0.0078481538,0.00021210777,0.00024004311,0.0021925089,0.00056430342,0.0005790735,4.6387508e-05,0.0020581095,0.98625934
20180322-110721-2.jpg,8,8,0.0081474576,0.0015236798,0.0023953528,0.011860232,0.0027859306,0.00091955846,0.00097279676,0.0023569986,0.96903795
20180322-111104-2.jpg,8,8,0.0058618793,0.0015335672,0.0010293763,0.018740155,0.0050562932,0.001331085,0.0002011217,0.0030882659,0.96315831
20180322-111216-2.jpg,8,8,0.014826492,0.003285089,0.017477743,0.017651223,0.0059614708,0.010721282,0.0046826219,0.010184036,0.91521001
20180322-111400-2.jpg,8,8,0.0012430015,0.00021236208,0.00065749604,0.0084604193,0.0023976087,0.00011886537,0.0002941626,0.00040994925,0.98620611
20180322-111544-2.jpg,8,8,0.0091200359,0.0024891323,0.0098110614,0.05271665,0.038598984,0.0014720318,0.0013952571,0.0027555034,0.88164127
20180322-111625-2.jpg,8,8,0.01759563,0.0035375657,0.0068801958,0.16866969,0.06252677,0.0020668618,0.00089404383,0.010718357,0.72711086
20180322-111632-1.jpg,8,8,0.020705629,0.013125362,0.021482592,0.32627875,0.14088868,0.0027132765,0.0017476031,0.019224435,0.45383361
20180322-111636-2.jpg,8,8,0.00035284588,2.2977096e-05,4.9699258e-05,0.0039273021,0.0008168972,1.4357982e-05,6.4190149e-06,7.4703108e-05,0.99473488
20180322-111727-1.jpg,8,8,0.012032235,0.0055825189,0.0072582276,0.086400926,0.025175314,0.0047520655,0.00093068392,0.0090341223,0.84883392
20180322-111848-1.jpg,8,8,0.019129289,0.0043493314,0.010592603,0.22483777,0.092394948,0.0039274106,0.00062743475,0.018847257,0.62529391
20180322-111926-2.jpg,8,8,0.0068274997,0.0007882652,0.0008812283,0.0049209548,0.0015406285,0.0013809702,0.00046750117,0.0019568019,0.9812361
20180322-111950-1.jpg,8,8,0.0059643541,0.0008700217,0.0085352035,0.076411523,0.041613709,0.00077858049,0.00060613593,0.004784645,0.86043578
20180322-112116-2.jpg,8,8,0.00033494626,6.5736807e-05,0.00012268352,0.00065207295,9.7816497e-05,0.00010519288,8.5954234e-05,6.9182985e-05,0.99846649
20180322-112118-1.jpg,8,8,0.024147522,0.0047319895,0.0083715366,0.029958703,0.015132636,0.0026955251,0.0019440764,0.006667634,0.90635037
20180322-112237-1.jpg,8,8,0.023880377,0.0058652242,0.0067927153,0.12530087,0.045048531,0.0032920511,0.00056264154,0.021938318,0.76731932
20180322-112303-1.jpg,8,8,0.051895592,0.0061852443,0.0046438416,0.088916622,0.019782541,0.0075277817,0.0011614006,0.034561172,0.78532577
20180322-112331-1.jpg,8,8,0.064872243,0.014571153,0.0091862474,0.020429777,0.0065308763,0.041922193,0.0063523655,0.043327302,0.79280788
20180322-112444-1.jpg,8,8,0.0030442611,0.001057199,0.11782308,0.0063659898,0.0049392274,0.0066242046,0.018619094,0.0015383144,0.83998865
20180322-112455-2.jpg,8,8,0.011701611,0.0026115102,0.0026360408,0.03155027,0.0088447239,0.0037442138,0.0011021434,0.0075081782,0.93030131
20180322-112513-2.jpg,8,8,0.011758092,0.004509754,8.7655979e-05,0.001748453,0.00030647713,0.0023927002,0.0010961147,0.0017948083,0.9763059
20180322-112515-1.jpg,8,8,0.027325211,0.0045340611,0.020576542,0.017584872,0.015254687,0.0047149477,0.0052275537,0.01242747,0.89235473
20180322-112543-2.jpg,8,8,0.018212844,0.010150657,0.0059066191,0.2614702,0.087447874,0.0031815195,0.0010858069,0.010295875,0.60224861
20180322-112610-1.jpg,8,8,0.0078009209,0.0014552865,0.0084163267,0.027977284,0.016672956,0.0022306468,0.0011142405,0.0046797958,0.92965251
20180322-112621-1.jpg,8,8,0.018017735,0.0066971523,0.018972812,0.11340698,0.070750907,0.0046452326,0.0081524625,0.015160557,0.74419624
20180322-112651-2.jpg,8,8,0.0080388552,0.0026085475,0.022862723,0.17536701,0.12801746,0.0015047741,0.0016270363,0.0043417434,0.6556319
20180322-112823-2.jpg,8,8,0.0045169839,0.0031191362,0.0004821108,0.0030600862,0.0019480207,0.0019404632,0.0016174976,0.0030878726,0.98022777
20180322-112931-2.jpg,8,3,0.01715982,0.00316327,0.010495273,0.40543216,0.29672471,0.001491281,0.00050941139,0.0084521966,0.25657183
20180322-112942-1.jpg,8,8,0.0043569272,0.003162754,0.096970394,0.047907755,0.035209961,0.0035439276,0.013115923,0.0026956226,0.79303676
20180322-113018-2.jpg,8,8,0.0061259107,0.0021233251,0.21986173,0.018369924,0.019052995,0.0070546665,0.025543036,0.0059127598,0.69595563
20180322-113102-2.jpg,8,8,0.0036844683,0.0012551144,0.30461377,0.086906239,0.056836963,0.0013619903,0.0036436256,0.0033935148,0.53830433
20180322-113145-2.jpg,8,8,0.0040428382,0.0011779864,0.0092018601,0.039453436,0.0083168559,0.0010823505,0.0012079052,0.0035527088,0.93196398
20180322-113220-2.jpg,8,8,0.0011045868,0.00025250373,6.7795772e-05,0.0022061763,0.00030923894,0.00024141314,0.00010246858,0.00025187357,0.99546391
20180322-113325-2.jpg,8,8,0.00079006376,0.00044192697,5.807558e-05,0.0007092341,0.00019414417,0.00025734623,0.0001652475,0.00029141211,0.99709249
20180322-113332-2.jpg,8,4,0.0043910546,0.0020996535,0.098933607,0.26139283,0.32833144,0.0028065844,0.0024630623,0.0045930236,0.29498884
20180322-113444-1.jpg,8,8,0.016384393,0.0082303816,0.015912358,0.094027355,0.068609424,0.0042218775,0.0050263023,0.010205851,0.77738202
20180322-113559-2.jpg,8,8,0.0025282267,0.0020748647,0.001993913,0.016863078,0.027036598,0.0019465504,0.0066832993,0.0020722244,0.93880129
20180322-113612-1.jpg,8,8,0.0016093547,0.00099793728,0.00068466866,0.0169666,0.0035039515,0.00048187486,0.00028894891,0.0010443078,0.97442234
20180322-113627-2.jpg,8,8,0.0062976796,0.0067853462,0.0068852366,0.17719114,0.30492809,0.0057935915,0.0011223563,0.0060144109,0.48498213
20180322-113734-2.jpg,8,8,0.0025502865,0.00054886687,0.017639663,0.029319011,0.03970813,0.0023549446,0.0040689912,0.0013339468,0.90247619
20180322-113838-1.jpg,8,8,0.00016187134,8.6265696e-05,3.4466764e-05,0.00056842429,0.00030746154,0.00010177698,0.00023184037,5.3972883e-05,0.99845386
20180322-113857-1.jpg,8,8,0.00058214751,0.00041016671,0.0057159704,0.0063235462,0.0061992449,0.00051073002,0.0041144569,0.00041521739,0.97572845
20180322-113907-1.jpg,8,8,0.018700408,0.0043020835,0.001709881,0.047446918,0.0093708392,0.0033237517,0.00028276202,0.0090427212,0.90582061
20180322-113946-2.jpg,8,8,0.00084954366,0.00049257244,0.00022209424,0.0018998467,0.0019518115,0.0017726573,0.0015728712,0.0001469532,0.99109167
20180322-114006-2.jpg,8,8,0.0090450607,0.0023165655,0.011357235,0.02323436,0.068882421,0.0032868907,0.0085919993,0.004398887,0.86888659
20180322-114023-1.jpg,8,8,0.015384878,0.0024796256,0.0028248515,0.019729439,0.015064017,0.0014067026,0.00062899938,0.0066366871,0.93584484
20180322-114034-1.jpg,8,8,0.025795978,0.0076089567,0.0039576259,0.027369272,0.0067463391,0.018159311,0.0073701674,0.020471234,0.88252103
20180322-114043-1.jpg,8,8,0.075837336,0.035042372,0.021845052,0.12126364,0.09434066,0.013092699,0.007815836,0.05841057,0.57235187
20180322-114053-1.jpg,8,8,0.0091230804,0.0053931274,0.0075570126,0.040615328,0.0096193301,0.0033824071,0.002351274,0.004864817,0.91709363
20180322-114111-2.jpg,8,8,0.002439263,0.0013902306,0.00032862427,0.0085324412,0.0055639516,0.0010777313,0.0037873534,0.0016769646,0.97520339
20180322-114129-1.jpg,8,8,0.0079850368,0.0051508835,0.0040631536,0.08767245,0.054447725,0.0033801331,0.0024762193,0.0058110114,0.82901335
20180322-114132-2.jpg,8,8,0.00079143082,0.00036726042,0.00011350679,0.0012120121,0.0018155536,0.001136436,0.0029775901,0.00037949751,0.99120671
20180322-114209-2.jpg,8,8,0.0059881532,0.0020010227,0.00093104312,0.0045423084,0.0024219975,0.0018932198,0.0016542091,0.0023596538,0.97820836
20180322-114246-1.jpg,8,8,0.00177986,0.0010564704,0.00035427656,0.0068943864,0.0016583507,0.0016926045,0.00047419887,0.00074510509,0.98534471
20180322-114250-2.jpg,8,8,0.0033338829,0.0054489602,0.0037607492,0.0092526162,0.0034160616,0.032909155,0.0055439002,0.0024175812,0.93391711
20180322-114402-1.jpg,8,8,0.0065552089,0.002559708,0.00036819637,0.025158262,0.0017613836,0.0014189117,0.0001509836,0.0041677076,0.95785964
20180322-114618-2.jpg,8,8,0.0070113954,0.0060498547,0.011419654,0.12897497,0.038129568,0.0011980478,0.001404973,0.0071803876,0.79863119
20180322-114647-2.jpg,8,8,0.00035538719,0.00058990665,0.026679093,0.0018600477,0.001231565,0.00047004415,0.0032791973,0.00038850904,0.96514624
20180322-114800-1.jpg,8,8,0.016755193,0.020738641,0.00089791464,0.011302868,0.0037558256,0.035874296,0.0082262037,0.017235741,0.88521332
20180322-114914-2.jpg,8,8,0.0015110164,0.00037078201,0.0081430469,0.006851878,0.001727517,0.00036575543,0.00037706408,0.00056694279,0.98008597
20180322-115147-1.jpg,8,8,0.014733661,0.0042501916,0.0068064407,0.038245816,0.031264186,0.0060029523,0.0040919324,0.0069714603,0.88763332
20180322-115252-1.jpg,8,8,0.015780026,0.00074119557,0.00099319697,0.010960373,0.0025426776,0.0010732928,0.00035316666,0.0044623083,0.9630937
20180322-115328-1.jpg,8,8,0.032914817,0.0024903452,0.0023345551,0.084968172,0.042534191,0.0014388958,0.00037725238,0.0097020315,0.82323974
20180322-115347-1.jpg,8,8,0.011816299,0.0026710858,0.0089061838,0.048821889,0.038270451,0.0014086671,0.0028486606,0.0030275884,0.88222915
20180322-115551-2.jpg,8,8,0.006216147,0.0047788015,0.0030096928,0.038515251,0.034218885,0.0028694817,0.0019194607,0.0051195184,0.9033528
20180322-115652-2.jpg,8,8,0.033034053,0.050741572,0.0034178654,0.042957831,0.0096732667,0.0098520266,0.0072508147,0.027127519,0.81594509
20180322-115939-2.jpg,8,8,0.0021540462,0.00031368769,4.5296754e-05,0.0025171526,0.00028753997,0.00050730765,0.00012398801,0.00063500897,0.99341595
20180322-120244-2.jpg,8,8,0.00068256434,0.0001102039,7.9340258e-05,0.001863156,0.00039763231,0.00025094696,0.00011485322,0.00016247582,0.99633884
20180322-120303-2.jpg,8,8,0.0027108926,0.00091473089,0.0013670455,0.018567694,0.0091120554,0.00048278031,0.0010084095,0.00078570115,0.96505076
20180322-120442-2.jpg,8,8,0.0034656322,0.00095198385,0.00091230427,0.0067808726,0.0022088087,0.001116034,0.00053114229,0.00077523757,0.98325795
20180322-120622-2.jpg,8,8,0.0096104071,0.00089688814,0.0002900293,0.0030555953,0.0006001466,0.0014864114,0.00025566429,0.0042773718,0.97952753
20180322-120634-2.jpg,8,8,0.0044311411,0.00085999741,0.0013847236,0.0057501569,0.0029484481,0.0010057213,0.00082513154,0.002564929,0.98022974
20180322-121057-2.jpg,8,8,0.006756376,0.0032296607,0.0018430891,0.016349318,0.0070935031,0.0016773037,0.0030051456,0.0029206644,0.95712501
20180322-121127-2.jpg,8,8,0.024832904,0.005221827,0.0056333113,0.02288023,0.0085964985,0.0017243276,0.0014189492,0.0094324201,0.92025948
20180322-121141-2.jpg,8,8,0.0022508609,0.00057358673,0.00029907876,0.0038813285,0.0014403866,0.00059277692,0.0005655702,0.00034424014,0.99005216
20180322-121232-2.jpg,8,8,0.0031567921,0.00056097948,0.00085945346,0.0051388489,0.0011975291,0.0011053728,0.00056051021,0.0010734135,0.98634714
20180322-121250-2.jpg,8,8,0.034245934,0.0084554348,0.019912234,0.041918658,0.026926406,0.0036961455,0.0018289727,0.016819658,0.84619659
20180322-121335-2.jpg,8,8,0.027936457,0.015456636,0.00044137798,0.004061617,0.0010560094,0.017233053,0.001433883,0.021541491,0.91083944
20180322-121400-2.jpg,8,8,0.012695329,0.0071867742,0.0016491916,0.007732824,0.0016750467,0.011224111,0.0042644842,0.0040970058,0.94947523
20180322-121546-2.jpg,8,8,0.0049220379,0.000656277,0.0062835966,0.06392394,0.06200444,0.00070848555,0.0014721849,0.0021275759,0.85790151
20180322-121610-2.jpg,8,8,0.0039991862,0.0009553532,0.0020336125,0.013120901,0.011413191,0.00075302093,0.0021524322,0.0011270125,0.96444529
20180322-121633-2.jpg,8,8,0.0055706766,0.0023115622,0.004313529,0.0405952,0.032007083,0.0012088791,0.0016430997,0.002686508,0.90966344
20180322-124504-1.jpg,8,8,0.0029085919,0.0010158814,0.001028482,0.006098941,0.0037695838,0.0012904404,0.0012580175,0.0011122525,0.98151785
20180322-124734-1.jpg,8,4,0.012200695,0.0042818771,0.080852844,0.075512171,0.47052029,0.016710993,0.010370502,0.0098601207,0.31969047
20180322-124804-1.jpg,8,8,0.012467305,0.0053328434,0.0061979871,0.03018135,0.033162002,0.010846439,0.0042941053,0.0070294645,0.89048845
20180322-124907-1.jpg,8,8,0.0025832083,0.0010065846,0.080130197,0.018473627,0.02585461,0.013125164,0.018001139,0.0017596867,0.83906579
20180322-124924-1.jpg,8,8,0.034297526,0.031167563,0.020176545,0.060036719,0.15020205,0.060835358,0.046445228,0.038168691,0.55867034
20180322-125040-1.jpg,8,8,0.014690966,0.0042335652,0.0067308042,0.016781706,0.038305502,0.019418906,0.0069472459,0.0064249402,0.88646632
20180322-125050-1.jpg,8,8,0.014495009,0.0066810711,0.00021261252,0.0042685471,0.0020816515,0.013069267,0.003485841,0.0066775354,0.94902849
20180322-125116-1.jpg,8,8,0.01927674,0.022311749,0.017677946,0.063197047,0.12792578,0.057910025,0.032374203,0.013590681,0.64573586
20180322-125223-1.jpg,8,8,0.0058556898,0.0010535544,0.0010239806,0.015153565,0.0094395755,0.00097345252,0.00062883849,0.0014140396,0.96445733
20180322-125406-1.jpg,8,8,0.010220726,0.0052954429,0.0033763084,0.015459938,0.018099505,0.038181279,0.033476971,0.0065002954,0.86938947
20180322-125451-1.jpg,8,8,0.031446565,0.028618904,0.0054074805,0.10070349,0.14012745,0.012891865,0.0053332141,0.025602926,0.64986813
20180322-125459-1.jpg,8,8,0.0087318616,0.0030253993,0.0029646195,0.0394421,0.070063613,0.004674301,0.0034477445,0.0046955622,0.86295485
20180322-125534-1.jpg,8,8,0.0050306339,0.0025497037,0.022573136,0.054872714,0.060813874,0.0012581652,0.0014658811,0.0030905236,0.8483454
20180322-125547-1.jpg,8,8,0.0042398321,0.0026922934,0.011561804,0.25312653,0.25973728,0.0018477746,0.0018239466,0.0031940085,0.46177655
20180322-125637-1.jpg,8,8,0.0020590439,0.0016715573,0.0031978018,0.02164327,0.017764643,0.0028510299,0.002937444,0.001211627,0.94666362
20180322-125656-1.jpg,8,8,0.042625114,0.025153723,0.021003978,0.075759098,0.10561153,0.024676839,0.0083705354,0.018048471,0.67875069
20180322-125752-1.jpg,8,8,0.019156247,0.019749934,0.023420213,0.28577584,0.29660287,0.006448051,0.0030143182,0.016702879,0.32912967
20180322-125838-1.jpg,8,8,0.0062239161,0.0044069281,0.0094966078,0.21637411,0.19135462,0.0036068705,0.0017126251,0.0066245408,0.5601998
20180322-125907-1.jpg,8,8,0.021142995,0.0079099797,0.032262314,0.30770662,0.26927003,0.01633257,0.0041489163,0.017247498,0.32397914
20180322-125915-1.jpg,8,4,0.020569121,0.022503396,0.0089070396,0.29148501,0.32353383,0.0068373038,0.0022832414,0.023285294,0.3005957
20180322-125932-1.jpg,8,4,0.027453016,0.01055372,0.061920308,0.19295885,0.38435039,0.010903929,0.0069117611,0.02014723,0.2848008
20180322-125940-1.jpg,8,8,0.020682048,0.015974863,0.034128789,0.32153225,0.19702189,0.0096111465,0.003288344,0.020140227,0.37762046
20180322-125948-1.jpg,8,4,0.021597151,0.0096506113,0.033039548,0.29636002,0.35808763,0.0055158269,0.0051385136,0.022157647,0.24845314
20180322-130042-1.jpg,8,4,0.0065738605,0.006557012,0.16534707,0.20102891,0.42654821,0.0060964385,0.0053148936,0.0060446011,0.176489
20180322-130118-1.jpg,8,3,0.03828761,0.020569667,0.026726296,0.322458,0.23783319,0.0069927769,0.0032695688,0.049784571,0.29407832
20180322-130245-1.jpg,8,8,0.002141993,0.0018096876,0.0007975435,0.0076373881,0.0061987569,0.0012005956,0.0075567751,0.0013486369,0.97130865
20180322-130402-1.jpg,8,8,0.013192699,0.020582944,0.010085474,0.045836698,0.042366009,0.013887604,0.0062439376,0.0079033887,0.83990127
20180322-130419-1.jpg,8,8,0.0024220252,0.00083239132,0.0014672115,0.0029871201,0.00059587433,0.0011310603,0.00037615493,0.00079582998,0.98939228
20180322-130450-1.jpg,8,8,0.0049532545,0.010938246,0.0011834173,0.034613732,0.01470468,0.0038234487,0.0021776953,0.0055473684,0.92205822
20180322-130616-1.jpg,8,8,0.0099046146,0.021963442,0.0011098218,0.074607313,0.046572253,0.0047930153,0.0044328594,0.0091355387,0.82748109
20180322-130632-1.jpg,8,8,0.007328161,0.0039891051,0.095539354,0.029705035,0.054230027,0.0085499268,0.014638525,0.0042736675,0.78174621
20180322-130724-1.jpg,8,8,0.0079736616,0.014110475,0.001937062,0.1706235,0.06885545,0.0023016809,0.00091328984,0.0063172393,0.72696769
20180322-130856-1.jpg,8,4,0.0067212577,0.0022958929,0.020738084,0.20267306,0.50821978,0.0018894137,0.0016189697,0.0046161758,0.25122744
20180322-130914-1.jpg,8,8,0.011647542,0.0021108871,0.010720619,0.15531985,0.19646131,0.0031569463,0.0056361235,0.0050705113,0.60987622
20180322-131305-1.jpg,8,4,0.0030180502,0.005929044,0.041734979,0.12832496,0.42299992,0.0027527714,0.0074825375,0.0030645051,0.38469324
20180322-131630-1.jpg,8,4,0.0072728763,0.0043500913,0.028482176,0.18913171,0.519719,0.0028959315,0.0060765529,0.0071407002,0.23493098
20180322-131648-1.jpg,8,8,0.0064561074,0.0024147255,0.051236957,0.16799864,0.31262723,0.0021007198,0.0025676263,0.0041142157,0.45048377
20180322-131811-1.jpg,8,8,0.014511622,0.0049803327,0.0462397,0.078990735,0.32022244,0.003760403,0.0066383448,0.010779007,0.51387739
20180322-131840-1.jpg,8,8,0.044207081,0.023583591,0.00049045129,0.0048025218,0.0028606744,0.0084569287,0.019913439,0.01758563,0.87809974
20180322-132206-1.jpg,8,8,0.0017377539,0.0014165344,0.001242037,0.0085269241,0.0088211466,0.0023406893,0.0023848016,0.0010064227,0.97252369
20180322-132245-1.jpg,8,8,0.0069574239,0.0025439963,0.0052094106,0.027476532,0.03269171,0.0042687948,0.0037739335,0.0048981332,0.91218001
20180322-132351-1.jpg,8,8,0.0083321026,0.0061088018,0.016507057,0.02814612,0.03553015,0.0036151763,0.017238399,0.0084717814,0.87605035
20180322-132456-1.jpg,8,8,0.0095015662,0.0037464697,0.035211664,0.13412361,0.16596527,0.0028218403,0.0050554108,0.0069483994,0.63662577
20180322-132648-1.jpg,8,8,0.018080762,0.010817385,0.028197542,0.26914355,0.29089651,0.0063150926,0.002372541,0.021395113,0.35278147
20180322-132707-1.jpg,8,8,0.010437995,0.014104702,0.025221596,0.21951509,0.31764543,0.0075839479,0.0064173741,0.0094043855,0.38966948
20180322-132913-1.jpg,8,8,0.0073793377,0.010160564,0.033584453,0.12787741,0.19410127,0.0050164112,0.0080361106,0.013799503,0.60004497
20180322-133029-1.jpg,8,2,0.0054200767,0.004729405,0.65780026,0.0739199,0.071340956,0.0069595035,0.011783674,0.0052163354,0.16282985
20180322-133149-1.jpg,8,8,0.0061401692,0.0086563174,0.020504497,0.12971161,0.10945453,0.0044786832,0.0014496729,0.0056778346,0.71392667
20180322-133614-1.jpg,8,8,0.0042374316,0.0086735729,0.25245872,0.12344904,0.1673996,0.0039863973,0.0139887,0.0086877951,0.41711876
20180322-133710-1.jpg,8,4,0.014785255,0.0032462839,0.16757458,0.13157645,0.52259558,0.0062592295,0.0052956971,0.015448213,0.13321866
20180322-133743-1.jpg,8,8,0.001299068,0.0011949755,0.34143946,0.097242787,0.15769242,0.00084977399,0.0048185764,0.0020173609,0.39344567
20180322-133752-1.jpg,8,8,0.002585507,0.0012289411,0.15338732,0.083943136,0.081549354,0.0011590349,0.0029490073,0.0025643823,0.67063338
20180322-133802-1.jpg,8,8,0.0022164825,0.0016253903,0.057702519,0.049949303,0.044302538,0.00091698114,0.0014337482,0.0018410268,0.84001201
